primo	-1	7	0.0011882064988777863	2269268
nuovo	4	4	0.0011045920877111482	2109579
stesso	3	6	0.0010942188929411749	2089768
grande	-1	12	0.0010621411062977507	2028505
tale	5	1	0.0007677164220740365	1466205
pubblico	3	2	0.0007422659397667667	1417599
presente	4	2	0.0005762513639970947	1100540
diverso	3	6	0.0005726625559130304	1093686
ultimo	1	6	0.0005479037595525141	1046401
nazionale	1	5	0.0005346460092332105	1021081
relativo	10	2	0.0004887517827131882	933431
sociale	1	2	0.0004858033470082909	927800
regionale	1	2	0.000440252607226399	840806
politico	1	2	0.0004302391310373642	821682
possibile	2	2	0.00041286320511532264	788497
vero	-1	5	0.0003994216684468059	762826
generale	3	3	0.0003946248970931273	753665
previsto	2	-1	0.00038012357817159833	725970
necessario	3	3	0.00036927180584270545	705245
economico	2	4	0.0003546474390805352	677315
locale	1	2	0.0003454324648360871	659716
unico	5	6	0.00033832344129401817	646139
piccolo	-1	4	0.0003340183376950721	637917
secondo	-1	3	0.0003305363456088411	631267
importante	2	5	0.00032425776408914243	619276
seguente	1	3	0.0003114770205052608	594867
comune	6	6	0.0002938099686283404	561126
internazionale	1	2	0.0002918689543932038	557419
bello	6	5	0.0002837582690675319	541929
alto	3	5	0.00027122414477276526	517991
umano	3	3	0.0002681039656988028	512032
certo	4	4	0.0002663315531857363	508647
successivo	1	4	0.0002635669038300521	503367
buono	5	8	0.0002539482279467343	484997
tecnico	3	2	0.0002430252449526192	464136
lungo	2	4	0.00023726817683410642	453141
culturale	2	2	0.0002341008730552175	447092
civile	5	4	0.0002293124794268592	437947
superiore	2	6	0.00022856581465769148	436521
forte	7	7	0.00022435705489992833	428483
particolare	3	4	0.00021887016842299378	418004
specifico	4	3	0.00021461952003862936	409886
precedente	1	3	0.00021288166564250894	406567
professionale	1	4	0.00021260677153043807	406042
solo	3	8	0.00021251618737541282	405869
prossimo	3	3	0.00020581557794270631	393072
scolastico	3	-1	0.0001948412813810047	372113
libero	6	2	0.00019048434060663953	363792
principale	1	6	0.0001879411773641096	358935
privato	2	1	0.00018677143746626898	356701
personale	1	2	0.00018574150085971013	354734
scientifico	4	2	0.0001829061644466363	349319
storico	4	2	0.00017809054321098718	340122
pieno	3	3	0.00017326340260302272	330903
intero	2	3	0.00017260836920454528	329652
migliore	-1	3	0.00017147737628631085	327492
medio	-1	3	0.00017115849911630864	326883
semplice	6	8	0.00016878131955668624	322343
speciale	7	5	0.00016122094606298856	307904
vecchio	1	10	0.00015862228039021194	302941
medesimo	2	-1	0.0001554078519063966	296802
difficile	5	2	0.0001536218255896847	293391
attuale	1	3	0.00015248402576962757	291218
utile	2	3	0.0001510163530150854	288415
ulteriore	1	2	0.0001508927815666116	288179
interno	1	3	0.00015055871976946646	287541
singolo	1	3	0.00015010318095517758	286671
fondamentale	2	4	0.00014956124684852357	285636
giusto	8	10	0.0001489051662343811	284383
diretto	3	3	0.0001459420695101734	278724
disponibile	3	1	0.000145650419947462	278167
grave	5	1	0.0001453509162672629	277595
vario	6	4	0.00014447963283395636	275931
chiaro	2	11	0.00014340623677729867	273881
provinciale	4	-1	0.0001430062003932565	273117
basso	8	3	0.0001398755491626437	267138
americano	3	1	0.0001393241901150044	266085
ambientale	3	-1	0.0001388775526338683	265232
naturale	4	10	0.00013870790369613313	264908
breve	4	7	0.0001348044073047268	257453
minore	4	5	0.00013360220372127019	255157
militare	6	2	0.0001317109322302226	251545
vicino	3	5	0.00012999035689257522	248259
centrale	2	2	0.00012998459720641755	248248
numeroso	-1	2	0.0001294452811389261	247218
fisico	3	1	0.00012857661574478219	245559
giovane	9	1	0.00012718224808679223	242896
mondiale	3	-1	0.0001253585220061392	239413
antico	2	4	0.00012256821586666174	234084
caro	4	2	0.00011960721357378409	228429
reale	6	6	0.00011697974947021909	223411
costituzionale	2	1	0.00011693314837312517	223322
unito	3	1	0.00011622941944622375	221978
positivo	8	1	0.00011434076599433875	218371
finale	3	3	0.00011215784494057979	214202
operativo	3	2	0.00011215313247008714	214193
ampio	1	5	0.00011075824120426468	211529
recente	1	2	0.00010924396735262857	208637
commerciale	3	1	0.00010869470273631934	207588
complessivo	2	1	0.00010812135215971438	206493
formativo	2	1	0.00010761711781700154	205530
simile	2	4	0.00010507814343713173	200681
attivo	4	4	0.00010445400290077273	199489
lontano	2	4	0.00010391049797062119	198451
nero	6	2	0.00010297428716608268	196663
straordinario	1	2	0.00010263498929061235	196015
aperto	8	4	0.00010261090333031662	195969
apposito	2	-1	0.00010085367544439312	192613
giuridico	2	1	0.00010078037034784089	192473
produttivo	4	1	9.920169273280532e-05	189458
elettronico	2	-1	9.841471016053386e-05	187955
facile	2	1	9.812515502915255e-05	187402
bianco	-1	2	9.812148977432493e-05	187395
pronto	1	3	9.806284569708315e-05	187283
continuo	3	4	9.571498817608166e-05	182799
esterno	2	3	9.539506379041442e-05	182188
autonomo	2	1	9.534060857583276e-05	182084
interessato	1	2	9.336451261591759e-05	178310
religioso	4	3	9.216702150295363e-05	176023
ordinario	1	4	9.194867703679449e-05	175606
moderno	4	3	9.169734527718683e-05	175126
adeguato	4	3	9.16303234746248e-05	174998
penale	1	2	8.967831347500537e-05	171270
proprio	2	3	8.96039611627881e-05	171128
sportivo	7	1	8.948196053781189e-05	170895
ricco	7	2	8.930864634524911e-05	170564
completo	3	4	8.869864322036804e-05	169399
significativo	4	5	8.868712384805269e-05	169377
normale	5	2	8.797082833317088e-05	168009
opportuno	2	1	8.744879132415249e-05	167012
straniero	1	2	8.68319812974487e-05	165834
assoluto	5	2	8.62701500931591e-05	164761
profondo	7	6	8.452129993255586e-05	161421
istituzionale	2	1	8.420137554688862e-05	160810
favorevole	4	1	8.418619091974565e-05	160781
capace	4	3	8.295361808200313e-05	158427
determinato	4	4	8.249074875805903e-05	157543
evidente	2	3	8.217030076455928e-05	156931
permanente	2	2	8.214359676510096e-05	156880
legale	6	2	8.196190484721793e-05	156533
sindacale	3	1	8.174356038105878e-05	156116
collettivo	3	2	8.162051254041753e-05	155881
complesso	6	1	8.096181388711248e-05	154623
tradizionale	1	2	8.079740102770248e-05	154309
musicale	3	2	8.039265217316766e-05	153536
totale	2	3	7.956273375862989e-05	151951
definitivo	2	1	7.859667730763797e-05	150106
preciso	2	2	7.791179826270712e-05	148798
elettrico	1	2	7.719340831649524e-05	147426
materiale	4	2	7.461935221184689e-05	142510
popolare	-1	3	7.441985762765831e-05	142129
tecnologico	1	2	7.436906766790426e-05	142032
famoso	1	2	7.369204274046114e-05	140739
urbano	3	1	7.365486658435252e-05	140668
duro	3	6	7.364544164336723e-05	140650
grosso	1	3	7.353862564553397e-05	140446
efficace	3	3	7.274169452444471e-05	138924
vivo	5	4	7.256785672404942e-05	138592
negativo	3	1	7.256209703789175e-05	138581
essenziale	-1	4	7.21636314773471e-05	137820
effettivo	5	3	7.081900656344617e-05	135252
elevato	5	1	7.058600107797658e-05	134807
rosso	7	3	7.048599198196604e-05	134616
familiare	2	3	7.04158285324089e-05	134482
originale	5	2	7.008962085275147e-05	133859
democratico	4	2	6.984823764196161e-05	133398
artistico	2	2	6.961418494082699e-05	132951
sufficiente	3	3	6.932986588777083e-05	132408
tedesco	2	1	6.846434214062199e-05	130755
annuale	3	1	6.805540442342704e-05	129974
classico	6	2	6.784491407475562e-05	129572
valido	5	3	6.763337651041918e-05	129168
contrario	1	2	6.705269542415901e-05	128059
aziendale	2	-1	6.630655426282379e-05	126634
immediato	2	3	6.615208995223158e-05	126339
romano	6	-1	6.564209592336106e-05	125365
povero	3	2	6.552114251404988e-05	125134
legato	3	-1	6.408331540596109e-05	122388
parlamentare	2	1	6.394770097733946e-05	122129
pericoloso	3	1	6.294918084073156e-05	120222
notevole	3	2	6.278633880481911e-05	119911
cattivo	2	2	6.245856030166413e-05	119285
sicuro	2	9	6.152392032062318e-05	117500
obbligatorio	4	-1	6.055053335997604e-05	115641
futuro	2	3	6.029030026721561e-05	115144
integrato	2	-1	5.9415351579081474e-05	113473
serio	3	4	5.925041511183895e-05	113158
strano	2	6	5.900955550888162e-05	112698
femminile	2	2	5.889697982489069e-05	112483
idoneo	2	2	5.844091740276931e-05	111612
quotidiano	1	2	5.841683144247357e-05	111566
gratuito	2	1	5.78199185134054e-05	110426
verde	-1	2	5.71826877812335e-05	109209
responsabile	3	2	5.687271194438406e-05	108617
critico	2	2	5.6051171255166545e-05	107048
contemporaneo	5	2	5.5810311652209217e-05	106588
inutile	2	3	5.5303982878166296e-05	105621
funzionale	4	1	5.4803413790281055e-05	104665
armato	4	1	5.4565172226486304e-05	104210
cattolico	1	2	5.433635560367684e-05	103773
elementare	3	1	5.431384046687865e-05	103730
bravo	5	3	5.420545364554785e-05	103523
enorme	1	2	5.3797039536185415e-05	102743
globale	4	1	5.378133130120994e-05	102713
televisivo	2	-1	5.3593356089336715e-05	102354
occidentale	1	2	5.35666520898784e-05	102303
alimentare	2	-1	5.289172159376535e-05	101014
indispensabile	4	2	5.27126477150449e-05	100672
doppio	4	1	5.244613132829429e-05	100163
impossibile	2	2	5.222097996031243e-05	99733
digitale	2	1	5.192357071144338e-05	99165
differente	1	2	5.190105557464519e-05	99122
felice	2	2	5.188325290833965e-05	99088
costante	2	3	5.18685918890292e-05	99060
perfetto	8	1	5.172669416641738e-05	98789
leggero	7	5	5.163925165838722e-05	98622
caldo	3	2	5.1140777001832045e-05	97670
chiuso	6	4	5.072712681414445e-05	96880
freddo	4	3	5.0650680070597125e-05	96734
fermo	4	2	5.038416368384651e-05	96225
chimico	1	2	5.019409404064322e-05	95862
iniziale	-1	2	4.967153342379231e-05	94864
puro	5	3	4.964064056167387e-05	94805
vasto	1	4	4.944009876182026e-05	94422
pratico	2	1	4.920656966851816e-05	93976
attento	3	2	4.9085092651374456e-05	93744
uguale	7	2	4.891544371363929e-05	93420
primario	-1	3	4.75132219381616e-05	90742
medico	-1	3	4.684509834387126e-05	89466
fisso	4	2	4.6680685484461254e-05	89152
stretto	-1	3	4.656601536914026e-05	88933
pesante	9	3	4.654297662450956e-05	88889
rapido	2	2	4.642568847002599e-05	88665
preventivo	2	1	4.572195954312456e-05	87321
alternativo	5	1	4.5258566611347955e-05	86436
temporaneo	2	1	4.435481949242544e-05	84710
mobile	3	1	4.366627519266697e-05	83395
veloce	1	2	4.33945227275912e-05	82876
scarso	2	2	4.294526720729252e-05	82018
debole	5	3	4.265152321325108e-05	81457
intenso	4	1	4.1819510367383243e-05	79868
largo	2	1	4.1711647153884966e-05	79662
specializzato	1	2	4.164776699831802e-05	79540
urgente	3	1	4.123359320279791e-05	78749
prezioso	3	3	4.110792732299408e-05	78509
unitario	3	-1	4.0918904895455825e-05	78148
dipendente	3	1	4.06094526664389e-05	77557
indipendente	4	1	4.050944357042836e-05	77366
esistente	1	2	4.027591447712625e-05	76920
esclusivo	3	2	3.9978505228257196e-05	76352
potente	2	2	3.9374261789533796e-05	75198
edilizio	2	-1	3.921560861628147e-05	74895
formale	4	1	3.915905897036975e-05	74787
adulto	2	-1	3.871870478322384e-05	73946
segreto	2	3	3.85762834527795e-05	73674
falso	10	3	3.803592016962305e-05	72642
spirituale	2	1	3.7781446763020306e-05	72156
brutto	3	2	3.756572033602374e-05	71744
organico	5	1	3.7466758455678223e-05	71555
fresco	6	2	3.7366749359667675e-05	71364
comunista	2	1	3.71604478736564e-05	70970
netto	6	3	3.715207014833614e-05	70954
tranquillo	1	2	3.705310826799063e-05	70765
mentale	3	3	3.704787218966547e-05	70755
corrente	1	2	3.6778214155919756e-05	70240
originario	5	2	3.649546592636115e-05	69700
universale	2	1	3.640435816350338e-05	69526
delicato	5	4	3.620905244197493e-05	69153
splendido	4	2	3.6007987034288804e-05	68769
sperimentale	2	1	3.6001703740298616e-05	68757
annuo	3	1	3.571110139325227e-05	68202
consapevole	5	3	3.560533261108405e-05	68000
standard	-1	3	3.5597478493596306e-05	67985
regolare	3	1	3.557653418029567e-05	67945
esecutivo	2	-1	3.546710014329984e-05	67736
civico	1	2	3.47858863531966e-05	66435
amico	2	-1	3.47366672169401e-05	66341
raro	2	2	3.468901890418115e-05	66250
clinico	3	1	3.4579061259352804e-05	66040
sostanziale	2	2	3.4352862675705914e-05	65608
radicale	2	1	3.4235574521222344e-05	65384
visibile	1	3	3.41816429144732e-05	65281
corretto	4	1	3.416279303250263e-05	65245
integrativo	2	-1	3.368630990491312e-05	64335
psicologico	2	2	3.341455743983735e-05	63816
accademico	2	1	3.3281037442545784e-05	63561
virtuale	5	-1	3.298048654668163e-05	62987
violento	2	1	3.290613423446437e-05	62845
aereo	6	1	3.274381580638442e-05	62535
eccezionale	2	2	3.239090412726868e-05	61861
sacro	3	2	3.213957236766103e-05	61381
autentico	3	2	3.1679321082879515e-05	60502
sensibile	4	1	3.166989614189423e-05	60484
arabo	3	1	3.155941488923337e-05	60273
drammatico	2	2	3.1287662424157594e-05	59754
adatto	3	3	3.127300140484714e-05	59726
temporale	5	-1	3.126252924819683e-05	59706
sano	3	1	3.123320720957593e-05	59650
nucleare	2	2	3.121592815110291e-05	59617
eccessivo	2	-1	3.115257160336848e-05	59496
linguistico	3	2	3.093684517637191e-05	59084
spagnolo	2	1	3.067923012277407e-05	58592
verbale	2	1	3.0445701029471957e-05	58146
coerente	4	2	3.0398052716713006e-05	58055
passato	5	1	3.0368207070259598e-05	57998
solare	3	1	3.0312704640012907e-05	57892
stabile	2	1	3.0175519387893732e-05	57630
infinito	3	2	3.011635170281943e-05	57517
crescente	2	4	3.0057707625577645e-05	57405
sostenibile	4	-1	2.9850358923901333e-05	57009
sinistro	1	2	2.969694182897416e-05	56716
previdenziale	2	-1	2.9694847397644097e-05	56712
provvisorio	1	2	2.962992002641212e-05	56588
progressivo	3	1	2.9615259007101672e-05	56560
federale	2	2	2.957179955700285e-05	56477
incredibile	3	1	2.9424142148233354e-05	56195
molto	1	4	2.9039813999166653e-05	55461
riservato	1	3	2.8964938079116874e-05	55318
indeterminato	6	2	2.8844508277638206e-05	55088
iracheno	2	1	2.8834036120987886e-05	55068
consistente	2	1	2.873402702497734e-05	54877
orientale	3	-1	2.8638206791626926e-05	54694
distinto	3	1	2.8469081461724276e-05	54371
opposto	-1	4	2.834969887591064e-05	54143
volontario	3	-1	2.8121929468766205e-05	53708
compatibile	6	3	2.805962013669681e-05	53589
identico	1	2	2.7395685405066597e-05	52321
divertente	2	3	2.7195667213045504e-05	51939
rappresentativo	1	3	2.718310062506512e-05	51915
terribile	6	1	2.7087803999547223e-05	51733
fotografico	2	1	2.689459270934884e-05	51364
intelligente	3	2	2.6855322121910142e-05	51289
triste	1	3	2.6739081183091604e-05	51067
dinamico	4	1	2.6366272406340253e-05	50355
divino	2	3	2.6349516955699742e-05	50323
improvviso	1	2	2.6205001193925344e-05	50047
reciproco	2	1	2.6060485432150942e-05	49771
greco	2	1	2.6047395236338046e-05	49746
esatto	2	6	2.5964665198800527e-05	49588
intellettuale	2	1	2.568401140057198e-05	49052
periodico	3	1	2.550755556101411e-05	48715
magico	4	1	2.5333717760618816e-05	48383
terapeutico	2	2	2.5295494388845154e-05	48310
matematico	2	1	2.5279786153869674e-05	48280
solido	2	5	2.5217476821800278e-05	48161
britannico	2	1	2.5208575488647506e-05	48144
odierno	2	-1	2.5022694708104345e-05	47789
israeliano	4	1	2.4987089375493263e-05	47721
transitorio	2	2	2.4930016121749027e-05	47612
anziano	1	2	2.4888651102980267e-05	47533
fantastico	3	2	2.4828959810073447e-05	47419
sottile	1	4	2.4660358088003315e-05	47097
accessibile	3	2	2.4522125620219105e-05	46833
maschile	3	1	2.4373420995784578e-05	46549
probabile	2	2	2.4331008761350787e-05	46468
oggettivo	2	1	2.4284931272089385e-05	46380
saggio	2	1	2.4244089861153143e-05	46302
misto	2	-1	2.421214978336967e-05	46241
esplicito	2	1	2.4211102567704637e-05	46239
articolato	4	1	2.420429566588193e-05	46226
giallo	2	1	2.4116329550019253e-05	46058
domestico	4	1	2.3998517787703165e-05	45833
corto	2	2	2.3989616454550394e-05	45816
stanco	2	2	2.3941444533958926e-05	45724
visivo	2	1	2.3683829480361083e-05	45232
strumentale	3	1	2.367231010804573e-05	45210
ennesimo	3	-1	2.359638697233092e-05	45065
fedele	3	2	2.3316780389767407e-05	44531
supremo	2	1	2.3306831840949604e-05	44512
potenziale	4	2	2.3237191999224985e-05	44379
giapponese	3	1	2.3143989805037146e-05	44201
assurdo	6	1	2.310105396277084e-05	44119
vitale	2	2	2.286490683030615e-05	43668
celebre	1	2	2.2853911065823315e-05	43647
acquisito	2	-1	2.275233114631522e-05	43453
simpatico	6	2	2.2743953420994968e-05	43437
ovvio	3	3	2.266384142262003e-05	43284
animale	2	-1	2.233972817429266e-05	42665
metropolitano	2	1	2.230883531217422e-05	42606
contento	2	2	2.229888676335642e-05	42587
giornaliero	2	1	2.2291032645868678e-05	42572
rurale	1	3	2.227270637173062e-05	42537
separato	2	1	2.2189976334193102e-05	42379
liberale	7	2	2.2113005982813257e-05	42232
generico	3	2	2.204441335675367e-05	42101
ebraico	6	1	2.200043029882233e-05	42017
limitato	2	2	2.1678935089657542e-05	41403
modesto	3	6	2.163914089438633e-05	41327
eterno	3	2	2.162133822808079e-05	41293
piacevole	3	4	2.153075407305553e-05	41120
oscuro	3	1	2.1438075486700207e-05	40943
tragico	-1	2	2.1331259488866958e-05	40739
meccanico	2	1	2.1240675333841698e-05	40566
meraviglioso	2	2	2.120664082472816e-05	40501
integrale	2	-1	2.1163704982461857e-05	40419
mero	4	-1	2.1091447101574654e-05	40281
inevitabile	1	2	2.098358388807637e-05	40075
soggettivo	4	2	2.0887240046893436e-05	39891
secco	4	1	2.086996098842041e-05	39858
passivo	8	1	2.0764192206252192e-05	39656
scontato	2	1	2.0677796913887062e-05	39491
diplomatico	3	-1	2.0641144365610945e-05	39421
rigido	3	1	2.0540611661767883e-05	39229
misterioso	2	2	2.0511813230979506e-05	39174
prioritario	4	-1	2.050395911349177e-05	39159
luminoso	3	2	2.045997605556043e-05	39075
tanto	3	2	2.041494578196406e-05	38989
ecologico	2	-1	2.0312318646790934e-05	38793
terrestre	2	2	2.0251580138219083e-05	38677
omogeneo	7	2	2.0186129159154593e-05	38552
regolamentare	2	-1	2.0167802885016533e-05	38517
concorrente	4	-1	2.016570845368647e-05	38513
gentile	2	4	2.0042660613045223e-05	38278
applicativo	2	-1	2.003009402506484e-05	38254
degno	1	2	1.994108069353713e-05	38084
simbolico	3	-1	1.9677705953781613e-05	37581
competitivo	2	1	1.967665873811658e-05	37579
anonimo	2	1	1.9588169014421385e-05	37410
posteriore	2	2	1.9581885720431194e-05	37398
inedito	2	1	1.956670109328823e-05	37369
poco	1	3	1.9509104231711477e-05	37259
puntuale	7	1	1.9490254349740906e-05	37223
razionale	6	-1	1.944679489964208e-05	37140
latino	2	1	1.942270893934635e-05	37094
pulito	4	2	1.936406486210456e-05	36982
motivato	2	1	1.9350451058459148e-05	36956
qualitativo	1	2	1.9235780943138158e-05	36737
variabile	1	4	1.906246675057538e-05	36406
spontaneo	2	3	1.903942800594468e-05	36362
perduto	2	-1	1.9033668319787002e-05	36351
logico	5	2	1.89645520858949e-05	36219
complementare	5	-1	1.895931600756974e-05	36209
nobile	7	1	1.8876062362199704e-05	36050
organizzato	2	1	1.8810611383135214e-05	35925
sistematico	2	1	1.879019067766709e-05	35886
vivente	2	-1	1.8694370444316672e-05	35703
quadrato	5	-1	1.859802660313374e-05	35519
illegale	1	2	1.8539382525891954e-05	35407
rosa	3	2	1.852419789874899e-05	35378
indiano	2	-1	1.818751806244124e-05	34735
comprensivo	4	-1	1.8155054376825252e-05	34673
pazzo	6	2	1.8093792260420887e-05	34556
collegiale	2	1	1.80121094385484e-05	34400
on-line	2	1	1.8002160889730597e-05	34381
trasparente	3	1	1.791314755820289e-05	34211
etnico	2	1	1.790895869554276e-05	34203
affascinante	1	2	1.787021171593658e-05	34129
elegante	3	1	1.7847172971305878e-05	34085
super	2	-1	1.78084259916997e-05	34011
fiero	4	1	1.7777009521748742e-05	33951
deciso	1	3	1.7772820659088617e-05	33943
nascosto	3	2	1.7590081525540553e-05	33594
ridotto	1	2	1.752567776214109e-05	33471
interiore	2	1	1.7506304272338002e-05	33434
numerico	1	2	1.749373768435762e-05	33410
anteriore	3	2	1.7412054862485132e-05	33254
monetario	2	1	1.7388492510021915e-05	33209
dominante	2	1	1.731937627612981e-05	33077
remoto	2	1	1.731832906046478e-05	33075
discreto	7	1	1.731414019780465e-05	33067
severo	2	1	1.730366804115433e-05	33047
scuro	-1	5	1.728220012002118e-05	33006
mitico	2	-1	1.7251307257902736e-05	32947
maturo	-1	3	1.7191092357163403e-05	32832
progettuale	2	-1	1.717852576918302e-05	32808
vuoto	-1	2	1.7169100828197734e-05	32790
rotondo	2	1	1.7095272123812987e-05	32649
assente	2	1	1.7035057223073653e-05	32534
conclusivo	1	2	1.6992644988639862e-05	32453
ragionevole	1	2	1.695285079336865e-05	32377
rivoluzionario	2	1	1.6875356834156292e-05	32229
costruttivo	4	1	1.6873262402826226e-05	32225
dichiarato	2	-1	1.6864361069673455e-05	32208
parallelo	2	1	1.6759115895337753e-05	32007
sintetico	3	2	1.6751261777850013e-05	31992
nudo	2	1	1.6712514798243834e-05	31918
aggiornato	2	-1	1.664339856435173e-05	31786
new	3	-1	1.6619312604055995e-05	31740
acceso	5	1	1.6540247821346087e-05	31589
delegato	2	-1	1.636065033479312e-05	31246
rigoroso	2	1	1.6345989315482675e-05	31218
autorevole	2	1	1.634127684499003e-05	31209
nervoso	-1	2	1.632085613952191e-05	31170
lordo	-1	2	1.6285250806910824e-05	31102
sviluppato	2	1	1.6278967512920633e-05	31090
estraneo	2	1	1.6220323435678848e-05	30978
cellulare	3	1	1.6210374886861045e-05	30959
eccellente	1	2	1.619152500489047e-05	30923
integrante	2	-1	1.6172675122919897e-05	30887
flessibile	2	1	1.6106176928190372e-05	30760
marino	2	1	1.6089421477549864e-05	30728
associativo	3	-1	1.6039155125628333e-05	30632
sbagliato	1	4	1.6006691440012345e-05	30570
dubbio	1	3	1.5919772539814697e-05	30404
sincero	5	2	1.5781016464197973e-05	30139
narrativo	2	-1	1.577787481720288e-05	30133
quantitativo	3	1	1.5748029170749467e-05	30076
sovietico	3	1	1.5746981955084436e-05	30074
verticale	3	-1	1.5726561249616316e-05	30035
convinto	3	2	1.559565929148733e-05	29785
lombardo	2	-1	1.551188203828478e-05	29625
appropriato	1	2	1.5376267609663148e-05	29366
ammissibile	4	2	1.5327572081239166e-05	29273
massiccio	1	2	1.5316052708923815e-05	29251
convenzionale	4	1	1.53024389052784e-05	29225
medievale	2	1	1.5239082357543973e-05	29104
orizzontale	3	1	1.5224944946066043e-05	29077
suggestivo	3	2	1.5184627142962315e-05	29000
singolare	3	1	1.513750243803588e-05	28910
mortale	1	2	1.5136978830203364e-05	28909
curioso	4	4	1.5119699771730338e-05	28876
analitico	3	1	1.5063150125818616e-05	28768
colpevole	2	1	1.504325302818301e-05	28730
disperato	2	2	1.504063498902043e-05	28725
acustico	2	1	1.499560471542406e-05	28639
intermedio	2	1	1.495947577498046e-05	28570
precario	5	2	1.4805011464388258e-05	28275
rinnovabile	2	1	1.47374660539937e-05	28146
incerto	-1	2	1.4704478760545196e-05	28083
soddisfatto	2	2	1.4554726920445636e-05	27797
emotivo	2	3	1.451807437216952e-05	27727
consecutivo	3	1	1.451702715650449e-05	27725
metodologico	2	1	1.4495559235371335e-05	27684
nominale	3	1	1.4437962373794582e-05	27574
cronico	2	1	1.4404975080346078e-05	27511
dotato	2	1	1.4401309825518466e-05	27504
proporzionale	2	-1	1.4269884259556965e-05	27253
incapace	2	1	1.422799563295569e-05	27173
coperto	2	2	1.41955319473397e-05	27111
burocratico	3	1	1.4152072497240878e-05	27028
vegetale	3	-1	1.4113849125467214e-05	26955
grigio	-1	3	1.4079814616353677e-05	26890
caratteristico	2	2	1.4054681440392911e-05	26842
consueto	2	2	1.3941058540736953e-05	26625
accettabile	5	1	1.3919067011771283e-05	26583
natale	3	-1	1.3879796424332588e-05	26508
doloroso	2	1	1.3858328503199434e-05	26467
selezionato	2	1	1.382795924891351e-05	26409
superficiale	3	-1	1.3783452583149655e-05	26324
equilibrato	6	1	1.3771933210834303e-05	26302
subordinato	2	-1	1.3750988897533666e-05	26262
pacifico	5	2	1.361223282191694e-05	25997
duplice	3	-1	1.3494421059600855e-05	25772
occupato	2	2	1.3476094785462796e-05	25737
appassionato	2	2	1.3449914393837e-05	25687
acuto	6	7	1.3342051180338715e-05	25481
stupefacente	2	1	1.329492647541228e-05	25391
comprensibile	2	2	1.3280265456101834e-05	25363
svizzero	2	1	1.3270316907284032e-05	25344
pastorale	2	2	1.3253037848811004e-05	25311
accurato	2	2	1.3178685536593741e-05	25169
pertinente	2	1	1.3138367733490015e-05	25092
onesto	3	5	1.3135749694327434e-05	25087
impegnativo	3	1	1.3126848361174663e-05	25070
carino	3	2	1.3108522087036605e-05	25035
circolare	3	1	1.308600695023842e-05	24992
confuso	9	4	1.3045689147134693e-05	24915
infantile	3	2	1.299175754038555e-05	24812
intimo	2	1	1.2977096521075103e-05	24784
olimpico	3	1	1.2970813227084912e-05	24772
moderato	2	2	1.2788074093536848e-05	24423
extra	3	1	1.2783361623044205e-05	24414
destro	-1	2	1.2690683036688884e-05	24237
climatico	2	1	1.2667644292058182e-05	24193
irregolare	2	1	1.263046813594955e-05	24122
prevedibile	2	1	1.2614236293141556e-05	24091
ridicolo	2	3	1.2606905783486333e-05	24077
aderente	2	-1	1.2578630960530472e-05	24023
alpino	-1	2	1.2546690882747e-05	23962
celeste	4	2	1.2527841000776425e-05	23926
morbido	1	2	1.2526793785111394e-05	23924
sporco	1	3	1.2412647277622918e-05	23706
decisionale	2	-1	1.238280163116951e-05	23649
generoso	2	2	1.2382278023336994e-05	23648
astratto	5	1	1.2352432376883584e-05	23591
selvaggio	4	1	1.2329917240085399e-05	23548
uniforme	2	2	1.231944508343508e-05	23528
argentino	2	1	1.228855222131664e-05	23469
amaro	2	1	1.2219435987424536e-05	23337
metallico	6	1	1.2078585480477747e-05	23068
nemico	5	-1	1.2045598187029244e-05	23005
silenzioso	3	3	1.2016799756240867e-05	22950
romantico	2	1	1.2013658109245771e-05	22944
attrezzato	4	-1	1.1973340306142043e-05	22867
credibile	2	1	1.1955537639836502e-05	22833
vivace	3	3	1.1954490424171469e-05	22831
abbondante	3	2	1.1948730738013793e-05	22820
allegro	9	2	1.1935640542200895e-05	22795
artigianale	5	-1	1.1928833640378188e-05	22782
fondato	2	1	1.1904747680082455e-05	22736
documentato	1	2	1.1840343916682994e-05	22613
lineare	4	2	1.1817828779884809e-05	22570
carico	1	2	1.181625795638726e-05	22567
fitto	2	-1	1.1800549721411782e-05	22537
morto	1	2	1.1792171996091528e-05	22521
teso	1	4	1.1772798506288438e-05	22484
aggressivo	2	1	1.1767562427963278e-05	22474
raffinato	2	1	1.1750283369490253e-05	22441
fortunato	-1	2	1.169635176274111e-05	22338
demografico	2	1	1.1636136862001777e-05	22223
mafioso	5	-1	1.1614668940868622e-05	22182
indifferente	6	2	1.1608909254710947e-05	22171
pagano	2	-1	1.1592153804070437e-05	22139
ingiusto	2	-1	1.1543458275646455e-05	22046
consolidato	2	-1	1.1542934667813939e-05	22045
abbandonato	6	-1	1.1517277884020658e-05	21996
informale	2	-1	1.1482719767074605e-05	21930
staminale	2	-1	1.1452350512788682e-05	21872
magnifico	1	2	1.1450256081458617e-05	21868
esemplare	4	1	1.142145765067024e-05	21813
brillante	2	3	1.1408367454857342e-05	21788
ottico	3	2	1.1368573259586131e-05	21712
fragile	2	3	1.12690877714081e-05	21522
naturalistico	3	-1	1.125128510510256e-05	21488
incompatibile	5	1	1.123452965446205e-05	21456
contenuto	4	-1	1.1192641027860774e-05	21376
omonimo	2	-1	1.1146039930766855e-05	21287
grasso	1	2	1.1114099852983382e-05	21226
suscettibile	2	-1	1.1097344402342873e-05	21194
aspro	-1	2	1.1016708796135418e-05	21040
conveniente	2	2	1.0997858914164844e-05	21004
abile	4	1	1.0990004796677104e-05	20989
buio	3	1	1.0987910365347041e-05	20985
mediatico	2	-1	1.0943927307415701e-05	20901
apparente	3	-1	1.0895231778991719e-05	20808
ristretto	5	2	1.0866956956035858e-05	20754
clamoroso	2	1	1.0860673662045667e-05	20742
vocale	-1	2	1.0803076800468913e-05	20632
igienico	2	-1	1.0784226918498339e-05	20596
forzato	2	1	1.0753857664212415e-05	20538
peculiare	4	2	1.0747050762389708e-05	20525
paziente	4	1	1.07271536647541e-05	20487
graduale	2	1	1.0593110059630021e-05	20231
sostenuto	3	1	1.0486817669629283e-05	20028
esperto	1	3	1.0451735944850715e-05	19961
compatto	3	-1	1.0427126376722467e-05	19914
vano	3	-1	1.0405658455589313e-05	19873
denso	2	1	1.0373194769973325e-05	19811
composto	4	3	1.0366911475983133e-05	19799
collaterale	2	-1	1.0343872731352432e-05	19755
repubblicano	2	1	1.0330258927707018e-05	19729
soddisfacente	1	2	1.0323975633716827e-05	19717
consolare	2	1	1.03066965752438e-05	19684
cordiale	4	1	1.0250670537164595e-05	19577
comodo	1	3	1.0177889048444878e-05	19438
facoltativo	2	1	1.0158515558641789e-05	19401
presidenziale	2	1	1.0151185048986566e-05	19387
referendario	2	-1	1.0130240735685927e-05	19347
curvo	2	1	1.012081579470064e-05	19329
complicato	2	1	1.012081579470064e-05	19329
affidabile	4	1	1.0008240110709713e-05	19114
avanzato	2	2	1.0007716502877197e-05	19113
feroce	2	-1	9.987819405241592e-06	19075
concorsuale	2	-1	9.977347248591274e-06	19055
crudo	2	-1	9.975776425093725e-06	19052
atomico	3	2	9.95954458228573e-06	19021
lucido	4	1	9.893046387556206e-06	18894
sommo	2	1	9.843827251299708e-06	18800
ironico	2	1	9.83073705548681e-06	18775
marginale	3	1	9.806651095191075e-06	18729
cerebrale	2	-1	9.795131722875725e-06	18707
pop	2	-1	9.741723723959099e-06	18605
metafisico	2	1	9.73386960647136e-06	18590
crudele	4	1	9.711354469673175e-06	18547
atteso	2	-1	9.66422976474674e-06	18457
previsionale	2	-1	9.64485627494365e-06	18420
umido	4	2	9.586212197701863e-06	18308
gay	4	-1	9.544323571100588e-06	18228
amato	1	2	9.529138943957627e-06	18199
aggiunto	2	1	9.484108670361256e-06	18113
beneficiario	2	1	9.480443415533643e-06	18106
illuminato	3	2	9.442743651592496e-06	18034
rispettoso	2	1	9.390382868340901e-06	17934
cieco	3	1	9.364202476715104e-06	17884
meritevole	2	-1	9.338022085089308e-06	17834
veneziano	3	1	9.316030556123638e-06	17792
anomalo	4	1	9.30032232114816e-06	17762
banale	1	2	9.293515419325452e-06	17749
robusto	1	2	9.289326556665325e-06	17741
senior	7	-1	9.279378007847523e-06	17722
ambizioso	4	2	9.231729695088572e-06	17631
automobilistico	2	1	9.228588048093476e-06	17625
eletto	2	1	9.177274480506914e-06	17527
geniale	4	-1	9.168896755186658e-06	17511
impressionante	2	1	9.109729070112357e-06	17398
congruo	2	2	9.099780521294555e-06	17379
natalizio	2	-1	9.053179424200635e-06	17290
isolato	7	3	9.036423973560125e-06	17258
esistenziale	3	-1	9.02804624823987e-06	17242
ambiguo	2	1	9.016003268092004e-06	17219
astronomico	2	1	9.00867275843678e-06	17205
affettivo	3	-1	9.008149150604264e-06	17204
animato	4	2	8.959977230012797e-06	17112
precoce	2	2	8.945316210702352e-06	17084
incisivo	2	-1	8.903951191933592e-06	17005
innocente	2	2	8.89400264311579e-06	16986
sparso	3	-1	8.865204212327413e-06	16931
occasionale	1	2	8.835882173706519e-06	16875
portoghese	2	1	8.827504448386265e-06	16859
statico	2	1	8.778285312129765e-06	16765
cosciente	2	-1	8.690842804099603e-06	16598
stampato	5	1	8.663615196808775e-06	16546
magro	1	2	8.66047354981368e-06	16540
piatto	4	1	8.645288922670717e-06	16511
evoluto	2	1	8.631151511192787e-06	16484
ricreativo	2	1	8.626962648532658e-06	16476
nocivo	2	1	8.579314335773707e-06	16385
pontificio	2	1	8.520670258531922e-06	16273
nullo	4	-1	8.51595778803928e-06	16264
ordinato	2	4	8.475116377103036e-06	16186
sorprendente	3	3	8.470927514442909e-06	16178
fisiologico	2	1	8.464644220452717e-06	16166
ripetuto	2	-1	8.462549789122653e-06	16162
unanime	3	-1	8.452077632472334e-06	16142
controllato	6	1	8.414377868531186e-06	16070
inammissibile	2	2	8.365682340107204e-06	15977
interattivo	2	1	8.360446261782044e-06	15967
supplementare	3	1	8.357304614786948e-06	15961
intrinseco	4	1	8.339501948481407e-06	15927
fallito	3	1	8.321175674343349e-06	15892
ceco	3	2	8.275621792914462e-06	15805
insolito	3	2	8.259389950106468e-06	15774
umile	5	2	8.129011599809998e-06	15525
esente	4	-1	8.122204697987291e-06	15512
ingenuo	2	2	8.116968619662131e-06	15502
grato	4	1	8.068796699070664e-06	15410
incomprensibile	2	1	8.018530347149133e-06	15314
retto	3	1	8.015388700154038e-06	15308
terreno	2	2	8.006487367001268e-06	15291
vago	3	2	7.98920830852824e-06	15258
offensivo	2	-1	7.977688936212891e-06	15236
omosessuale	2	1	7.969311210892635e-06	15220
ostile	2	2	7.958839054242317e-06	15200
disposto	2	2	7.928993407788909e-06	15143
eliso	2	-1	7.923233721631233e-06	15132
predisposto	2	-1	7.91066713365085e-06	15108
edito	2	1	7.895482506507888e-06	15079
invariato	1	2	7.890246428182728e-06	15069
proficuo	4	1	7.874538193207251e-06	15039
discutibile	2	1	7.836314821433587e-06	14966
agevole	3	-1	7.785001253847025e-06	14868
alcolico	3	1	7.771911058034125e-06	14843
corporeo	2	-1	7.756726430891164e-06	14814
esplosivo	2	1	7.74415984291078e-06	14790
monumentale	2	1	7.73892376458562e-06	14780
vantaggioso	2	2	7.726357176605238e-06	14756
salato	-1	2	7.723215529610142e-06	14750
atipico	2	1	7.636296629412496e-06	14584
sovrano	2	1	7.620064786604502e-06	14553
primitivo	3	4	7.5907427479836096e-06	14497
ortodosso	3	2	7.5907427479836096e-06	14497
improprio	2	1	7.567180395520392e-06	14452
ricettivo	2	1	7.54937772921485e-06	14418
implicito	2	1	7.548330513549819e-06	14416
limitrofo	2	-1	7.524768161086601e-06	14371
paradossale	2	-1	7.506441886948543e-06	14336
assegnato	2	-1	7.49911137729332e-06	14322
perentorio	3	1	7.447274201874241e-06	14223
riconoscibile	4	-1	7.425806280741088e-06	14182
mistico	-1	2	7.417428555420833e-06	14166
elaborato	2	1	7.372921889656978e-06	14081
onorario	2	-1	7.3064236949274535e-06	13954
umanistico	2	3	7.2996167931047456e-06	13941
sepolto	2	1	7.2765780484740444e-06	13897
perplesso	3	1	7.2493504411832155e-06	13845
imputabile	2	-1	7.217933971232259e-06	13785
armonico	8	1	7.178139775961048e-06	13709
oneroso	2	1	7.1765689524635e-06	13706
adiacente	3	-1	7.1524829921677666e-06	13660
gradevole	2	3	7.1472469138426065e-06	13650
timido	3	1	7.145676090345059e-06	13647
schiavo	4	-1	7.132062286699645e-06	13621
patologico	2	1	7.1064055029063635e-06	13572
usato	3	1	7.07970150344805e-06	13521
minuscolo	3	1	7.0399073081768384e-06	13445
imprevedibile	2	2	7.028387935861488e-06	13423
superfluo	1	2	7.0016839364031745e-06	13372
muto	2	1	6.987546524925245e-06	13345
illimitato	2	1	6.97393272127983e-06	13319
univoco	7	-1	6.9540356236442244e-06	13281
figurativo	2	-1	6.921571938028235e-06	13219
promosso	2	-1	6.917383075368108e-06	13211
limpido	2	-1	6.9037692717226935e-06	13185
portante	4	-1	6.89905680123005e-06	13176
conduttore	2	-1	6.895915154234954e-06	13170
cupo	2	1	6.843030763150844e-06	13069
duraturo	1	2	6.830987783002978e-06	13046
bizzarro	2	1	6.811614293199888e-06	13009
virtuoso	6	1	6.7948588425593775e-06	12977
secolare	2	-1	6.791193587731766e-06	12970
ignorante	3	1	6.77653256842132e-06	12942
serale	2	-1	6.770772882263644e-06	12931
intensivo	3	-1	6.769725666598613e-06	12929
padano	2	-1	6.7021802562040565e-06	12800
disciplinato	2	1	6.695896962213865e-06	12788
variegato	3	1	6.611596101178798e-06	12627
cospicuo	3	1	6.6084544541837025e-06	12621
provato	3	1	6.594317042705772e-06	12594
episcopale	2	1	6.564471396252364e-06	12537
attendibile	2	3	6.503209279847998e-06	12420
sentimentale	2	-1	6.495878770192775e-06	12406
clemente	2	1	6.476505280389685e-06	12369
pittorico	3	-1	6.469698378566978e-06	12356
sentito	2	1	6.455560967089048e-06	12329
vacante	2	-1	6.45137210442892e-06	12321
scomodo	3	1	6.41524316398532e-06	12252
fatale	3	3	6.407912654330097e-06	12238
emblematico	2	1	6.407912654330097e-06	12238
protettivo	4	1	6.397964105512294e-06	12219
cosmico	2	1	6.3744017530490765e-06	12174
derivato	-1	2	6.341414459600572e-06	12111
perenne	3	1	6.302667479994392e-06	12037
canadese	3	1	6.2681093630483405e-06	11971
sordo	3	2	6.246117834082671e-06	11929
termale	2	-1	6.2340748539348045e-06	11906
spaventoso	1	3	6.229885991274677e-06	11898
prefissato	2	-1	6.2178430111268096e-06	11875
eroico	1	2	6.205800030978943e-06	11852
irreversibile	4	1	6.202658383983848e-06	11846
magistrale	2	1	6.171241914032891e-06	11786
pallido	4	2	6.168100267037795e-06	11780
pio	4	1	6.145061522407094e-06	11736
confederale	2	-1	6.127258856101552e-06	11702
accogliente	2	1	6.126735248269036e-06	11701
perverso	2	1	6.117833915116265e-06	11684
autoritario	2	1	6.108408974130978e-06	11666
scorretto	4	4	6.07332724935241e-06	11599
marcato	2	-1	6.045576034229065e-06	11546
embrionale	2	1	6.0408635637364216e-06	11537
fiducioso	4	1	6.037721916741326e-06	11531
acido	4	1	6.0288205835885545e-06	11514
amichevole	2	1	5.9843139178247e-06	11429
adottivo	3	1	5.982219486494636e-06	11425
potabile	2	1	5.9796014473320566e-06	11420
eterogeneo	2	1	5.9796014473320566e-06	11420
semantico	3	1	5.975936192504444e-06	11413
distributivo	2	1	5.969652898514254e-06	11401
fertile	2	1	5.96494042802161e-06	11392
nautico	2	-1	5.9581335261989024e-06	11379
fornito	3	1	5.9523738400412276e-06	11368
appartenente	2	-1	5.9131032526025315e-06	11293
considerato	2	1	5.902631095952213e-06	11273
benedetto	2	2	5.889540900139315e-06	11248
insopportabile	3	-1	5.8544591753607465e-06	11181
leale	3	1	5.8424161952128794e-06	11158
candido	3	2	5.82042466624721e-06	11116
esotico	4	-1	5.74816678536001e-06	10978
scettico	4	-1	5.712561452748926e-06	10910
distruttivo	2	1	5.687951884620677e-06	10863
prudente	1	2	5.682715806295518e-06	10853
volante	2	-1	5.6612478851623636e-06	10812
memorabile	1	2	5.6591534538323e-06	10808
alemanno	2	-1	5.633496670039019e-06	10759
inverso	1	2	5.616217611565993e-06	10726
insostenibile	2	1	5.609934317575801e-06	10714
affettuoso	2	1	5.580612278954909e-06	10658
vergine	2	-1	5.570663730137106e-06	10639
impegnato	6	1	5.5701401223045896e-06	10638
infelice	4	2	5.530869534865894e-06	10563
deluso	3	1	5.518302946885512e-06	10539
multinazionale	2	-1	5.498929457082422e-06	10502
sprovvisto	2	-1	5.494216986589778e-06	10493
delizioso	3	2	5.482697614274428e-06	10471
iscritto	2	-1	5.48112679077688e-06	10468
distaccato	6	3	5.471701849791593e-06	10450
sociologico	2	1	5.465942163633917e-06	10439
trascurabile	2	2	5.463324124471338e-06	10434
stellare	3	1	5.4586116539786944e-06	10425
sveglio	3	1	5.439238164175605e-06	10388
immaginario	3	2	5.436096517180509e-06	10382
leggendario	3	-1	5.414628596047355e-06	10341
interpersonale	2	-1	5.378499655603755e-06	10272
impensabile	2	1	5.372216361613564e-06	10260
esiguo	3	-1	5.320379186194485e-06	10161
illustrativo	2	-1	5.294198794568688e-06	10111
agile	2	-1	5.2774433439281786e-06	10079
imprescindibile	2	-1	5.244456050479674e-06	10016
