essere	3	29	0.011352251879838775	21680829
avere	6	26	0.0025351619912412538	4841719
fare	7	37	0.002336833481695693	4462946
dire	5	12	0.0014343676311393437	2739393
andare	4	18	0.0009824223374050312	1876256
dare	6	15	0.0009392555840845843	1793815
stare	5	15	0.0007774790901112963	1484850
sapere	8	7	0.000742818346030071	1418654
trovare	2	10	0.0006964204087751683	1330042
vedere	4	13	0.0006933295517398268	1324139
mettere	5	9	0.000521755831612333	996463
scrivere	1	8	0.000510063668712252	974133
presentare	2	7	0.00047764710780119006	912223
parlare	1	4	0.0004759480003846758	908978
pensare	9	12	0.00047273671354785554	902845
prendere	6	23	0.00046556590428154974	889150
chiedere	2	7	0.0004429481403481911	845954
tenere	2	8	0.0004216744777209009	805325
portare	10	17	0.00041714317553830793	796671
rendere	2	11	0.00038161952574909636	728827
sembrare	1	7	0.0003762661592694534	718603
volere	4	6	0.0003712437129399605	709011
venire	7	8	0.00036010290908751875	687734
trattare	1	12	0.0003562962801451279	680464
cercare	3	6	0.0003557307836860107	679384
arrivare	4	5	0.00034942183291202607	667335
sentire	9	9	0.0003431092168832139	655279
svolgere	1	5	0.00033619497545484087	642074
credere	1	7	0.00033307008391038573	636106
inviare	1	3	0.0003325328622742244	635080
ricordare	2	7	0.0003299451923659306	630138
riguardare	1	4	0.0003298012002119887	629863
riuscire	3	3	0.0003250709270530397	620829
lasciare	6	17	0.0003222109810718376	615367
considerare	5	7	0.00032067209765207326	612428
passare	8	10	0.00030864116048435444	589451
ritenere	2	6	0.00030499318471521587	582484
seguire	4	13	0.0003017604299572625	576310
diventare	1	3	0.0002994748817683304	571945
leggere	3	4	0.00029514150334642846	563669
vivere	10	5	0.0002853809297404988	545028
costituire	4	7	0.0002848819314761111	544075
conoscere	4	5	0.0002815617342101275	537734
realizzare	4	8	0.0002804365009780507	535585
usare	4	3	0.00027911386759311546	533059
tornare	6	3	0.00027201165095286925	519495
capire	6	3	0.0002693014568117667	514319
rappresentare	6	8	0.000256649520754684	490156
creare	5	6	0.0002556777046175344	488300
continuare	3	3	0.00025400111233781837	485098
chiamare	2	9	0.00025352148756323375	484182
definire	2	4	0.000250375651705478	478174
prevedere	1	2	0.0002502604579823245	477954
esistere	3	1	0.0002494431061557671	476393
porre	5	6	0.000248945678714877	475443
proporre	1	2	0.00024676851734727566	471285
rispondere	1	4	0.00024214558379399243	462456
nascere	4	7	0.0002389259192318519	456307
esprimere	2	3	0.0002364424472822288	451564
aprire	3	14	0.00023368198678920473	446292
intendere	4	6	0.00023165038839904287	442412
effettuare	1	2	0.00022716830535270642	433852
richiedere	2	9	0.00022693634708290184	433409
restare	6	5	0.00022627293595910416	432142
permettere	1	6	0.0002261959656077243	431995
offrire	5	7	0.00022561894977629176	430893
risultare	2	4	0.00022525032986220052	430189
ottenere	2	7	0.00022380988471494917	427438
entrare	1	4	0.00022169765071857985	423404
contenere	1	7	0.00022077086485502664	421634
aggiungere	4	3	0.00021985036228546362	419876
decidere	2	6	0.00021544996206099965	411472
inserire	2	4	0.0002122590959296475	405378
rimanere	3	6	0.000212029232091173	404939
fornire	1	6	0.00021129618112565067	403539
indicare	1	7	0.00021051705267086695	402051
partire	4	2	0.00020999135040702095	401047
guardare	2	7	0.0002073518433233081	396006
comprendere	4	9	0.00020690625305783703	395155
potere	3	2	0.00020562760273083307	392713
approvare	1	4	0.0002031252808992394	387934
stabilire	2	9	0.00020224352530928255	386250
dovere	4	3	0.0002005606497355763	383036
sostenere	3	13	0.00019947730513010083	380967
assumere	4	8	0.0001972362636069326	376687
pubblicare	2	1	0.00019627125437160573	374844
lavorare	1	9	0.00019617124527559517	374653
raggiungere	2	5	0.0001960445321801263	374411
iniziare	1	9	0.0001960110212788453	374347
riconoscere	3	5	0.0001942893987255329	371059
produrre	2	11	0.0001858326086225679	354908
spiegare	2	9	0.00018565144031251738	354562
garantire	6	3	0.00018538440031793426	354052
partecipare	3	2	0.00018498384032605955	353287
perdere	4	10	0.00018411046246142297	351619
cambiare	6	8	0.00018360675172654264	350657
servire	6	7	0.0001829883708763413	349476
uscire	1	7	0.00018170291364751466	347021
disporre	3	3	0.00018163903349194773	346899
scegliere	3	3	0.00017908749252409754	342026
cominciare	1	4	0.00017876285566793766	341406
dedicare	1	3	0.0001772176889541831	338455
finire	2	9	0.00017366815145755755	331676
dichiarare	2	5	0.00017281781233755166	330052
applicare	6	1	0.0001715878575389717	327703
ricevere	6	9	0.0001703228210156132	325287
organizzare	2	4	0.00016936252425077896	323453
adottare	3	2	0.00016592608604597682	316890
bastare	8	-1	0.00016338187558778187	312031
registrare	9	3	0.00016166601272062713	308754
apparire	4	3	0.00015959043127253392	304790
dimostrare	3	5	0.00015750123602079532	300800
affermare	3	7	0.00015533245237851428	296658
determinare	4	5	0.0001535495677087975	293253
provare	4	10	0.00015306575407155278	292329
morire	4	4	0.0001512404571674022	288843
riportare	5	5	0.0001508168584308968	288034
individuare	1	5	0.0001504032082432092	287244
costruire	4	5	0.00014959371053413956	285698
destinare	4	-1	0.00014951098049660204	285540
rivolgere	2	1	0.00014634681836470822	279497
evitare	2	9	0.000146274560483821	279359
modificare	1	3	0.0001450131892152901	276950
riferire	3	3	0.0001446419512620363	276241
promuovere	5	2	0.00014372720837863096	274494
intervenire	1	4	0.00014306432086266577	273228
amare	4	4	0.00014208622143152598	271360
operare	3	3	0.00014027401472318832	267899
ridurre	3	8	0.00013878958651800563	265064
assicurare	4	7	0.0001387759727143602	265038
affrontare	8	7	0.00013865344848155149	264804
derivare	2	4	0.00013796699861312307	263493
verificare	2	5	0.0001376983877950424	262980
piacere	3	4	0.00013593906547778884	259620
sostituire	1	4	0.00013561233419029888	258996
sottolineare	3	5	0.00013559138987699824	258956
mancare	8	7	0.00013413261845560882	256170
osservare	1	10	0.0001340624550060517	256036
concludere	4	7	0.00013252095354712476	253092
sperare	4	4	0.00013220259998495508	252484
superare	6	7	0.00013022755124070495	248712
pagare	1	5	0.00013007308693011274	248417
impegnare	2	4	0.0001288237586417297	246031
aiutare	8	5	0.00012803991771645333	244534
raccogliere	4	13	0.00012750112525679444	243505
valere	6	1	0.00012678221170275004	242132
occupare	6	4	0.00012660470864752713	241793
fermare	1	7	0.00012579625815412252	240249
scoprire	5	11	0.0001256967726659445	240059
vincere	5	7	0.00012423014712706733	237258
raccontare	-1	2	0.00012381440250804968	236464
coinvolgere	6	2	0.0001236112426690335	236076
chiudere	5	7	0.00012349552533804747	235855
confermare	4	4	0.00012311800409080348	235134
procedere	2	4	0.00012176761949074486	232555
recare	2	3	0.00012147701714369852	232000
parere	4	3	0.00012143774655625983	231925
mantenere	3	8	0.00012012453811230984	229417
significare	1	7	0.00011888306394141455	227046
aspettare	5	5	0.00011857727696722524	226462
provvedere	3	2	0.00011831547305096726	225962
mostrare	2	10	0.00011826939556170586	225874
comporre	4	8	0.00011744471322549325	224299
giocare	7	7	0.00011616135042799668	221848
comunicare	5	4	0.00011601840548971982	221575
accettare	8	7	0.00011595033647149276	221445
condurre	2	9	0.00011522356879996063	220057
comportare	1	4	0.00011404283313763717	217802
sviluppare	3	10	0.00011383234278896577	217400
limitare	2	4	0.00011313908601871465	216076
giungere	3	-1	0.00011224790548777253	214374
valutare	2	6	0.00011010268419795472	210277
aumentare	1	7	0.00010988067447696795	209853
incontrare	1	5	0.00010875334681356113	207700
interessare	1	4	0.00010849206650513567	207201
ammettere	3	6	0.00010732913350911777	204980
formare	1	4	0.00010557871252501697	201637
crescere	8	12	0.00010523627300255155	200983
compiere	2	1	0.0001048241936383615	200196
introdurre	7	5	0.00010396285875387277	198551
gestire	6	2	0.00010374870315037375	198142
favorire	1	5	0.00010282453532598312	196377
colpire	3	7	0.00010210248012494363	194998
fissare	3	8	0.0001011091960666609	193101
rilevare	2	6	0.00010065313364453951	192230
attribuire	3	2	0.00010046882368749389	191878
votare	2	2	0.00010032692596488208	191607
condividere	5	2	9.963314558679845e-05	190282
succedere	3	2	9.869065148826976e-05	188482
legare	10	7	9.733450720205347e-05	185892
concernere	2	1	9.728424085013194e-05	185796
trasmettere	5	8	9.723240367471286e-05	185697
risolvere	2	9	9.670879584219692e-05	184697
accadere	3	3	9.662344776549683e-05	184534
correre	11	5	9.62218405579571e-05	183767
invitare	2	2	9.620299067598652e-05	183731
affidare	9	1	9.481857156681437e-05	181087
muovere	2	5	9.328125897054757e-05	178151
ascoltare	3	4	9.313098352261549e-05	177864
accompagnare	6	6	9.252831090738964e-05	176713
eseguire	1	3	9.245238777167483e-05	176568
proseguire	1	5	9.24351087132018e-05	176535
preparare	2	5	9.202721821167188e-05	175756
sottoporre	2	1	9.127950622683911e-05	174328
esercitare	2	6	9.121929132609978e-05	174213
dimenticare	2	5	9.081820772639258e-05	173447
avviare	4	5	9.072291110087467e-05	173265
escludere	5	3	8.983906107958776e-05	171577
segnalare	3	3	8.973276868958703e-05	171374
collegare	2	5	8.957045026150709e-05	171064
autorizzare	2	3	8.838919099135112e-05	168808
trasformare	2	4	8.817974785834475e-05	168408
accogliere	4	7	8.741161516804386e-05	166941
assegnare	-1	4	8.735558912996465e-05	166834
caratterizzare	1	2	8.721526223085038e-05	166566
appartenere	2	3	8.712310725232757e-05	166390
diffondere	1	3	8.673197220143816e-05	165643
mandare	2	4	8.651886381360417e-05	165236
uccidere	1	2	8.631884562158309e-05	164854
imporre	3	3	8.62701500931591e-05	164761
riprendere	2	11	8.607222633246808e-05	164383
emergere	2	4	8.597797692261521e-05	164203
divenire	1	4	8.523759544743766e-05	162789
cadere	3	14	8.499830666797788e-05	162332
evidenziare	1	3	8.383746810329003e-05	160115
costringere	1	2	8.379086700619612e-05	160026
controllare	2	16	8.356466842254923e-05	159594
notare	1	6	8.287874216195334e-05	158284
descrivere	1	3	8.268919612658258e-05	157922
esporre	1	7	8.224570029244157e-05	157075
citare	1	4	8.187917480968041e-05	156375
migliorare	1	2	8.181843630110856e-05	156259
vendere	1	2	8.130320619391287e-05	155275
salvare	1	2	8.059738283568138e-05	153927
contribuire	2	4	8.050522785715859e-05	153751
guidare	3	8	8.011566362976671e-05	153007
studiare	8	4	7.913128090463675e-05	151127
rilasciare	6	3	7.89883359663599e-05	150854
ripetere	3	3	7.882601753827996e-05	150544
tentare	2	2	7.842493393857274e-05	149778
salire	3	7	7.793483700733782e-05	148842
mangiare	2	3	7.762171952349328e-05	148244
assistere	2	4	7.724210384491923e-05	147519
conseguire	2	3	7.713476423925346e-05	147314
lanciare	1	7	7.705098698605091e-05	147154
avanzare	1	3	7.680908016742855e-05	146692
acquistare	2	4	7.670854746358549e-05	146500
riservare	1	3	7.615561759244865e-05	145444
preferire	2	3	7.61210594755026e-05	145378
rispettare	1	3	7.54744038023454e-05	144143
segnare	2	7	7.535449760869927e-05	143914
rivelare	2	4	7.49288044408638e-05	143101
girare	4	9	7.453348052731427e-05	142346
funzionare	1	2	7.422455190612986e-05	141756
toccare	1	7	7.410726375164628e-05	141532
convincere	1	3	7.371089262243172e-05	140775
corrispondere	5	3	7.353181874371127e-05	140433
contare	4	9	7.29678931080916e-05	139356
informare	1	4	7.283803836562765e-05	139108
possedere	4	5	7.259141907651264e-05	138637
annunciare	6	5	7.246680041237384e-05	138399
scendere	1	5	7.243014786409773e-05	138329
tendere	3	5	7.2307623631289e-05	138095
impedire	5	3	7.16248390176882e-05	136791
curare	3	5	7.13452324351247e-05	136257
unire	1	7	7.057552892132626e-05	134787
togliere	7	4	7.05409708043802e-05	134721
provocare	6	6	6.983148219132111e-05	133366
ospitare	1	2	6.978802274122228e-05	133283
imparare	7	4	6.901360675693121e-05	131804
prestare	1	3	6.826432394860089e-05	130373
rientrare	3	1	6.820201461653149e-05	130254
rischiare	5	2	6.818368834239344e-05	130219
agire	8	2	6.796324944490423e-05	129798
conservare	1	5	6.777475062519849e-05	129438
dirigere	2	8	6.677151801809794e-05	127522
finalizzare	2	-1	6.607250156168915e-05	126187
attivare	1	2	6.556774361114379e-05	125223
nascondere	3	3	6.528447177375267e-05	124682
associare	2	3	6.517870299158445e-05	124480
estendere	5	1	6.501481374000696e-05	124167
difendere	1	6	6.456398739621073e-05	123306
attendere	3	3	6.426919618650426e-05	122743
comprare	2	2	6.410425971926173e-05	122428
subire	3	3	6.382570035236325e-05	121896
acquisire	2	2	6.355551871078503e-05	121380
insegnare	6	3	6.31638600520631e-05	120632
richiamare	1	3	6.271303370826687e-05	119771
manifestare	1	4	6.181138102067442e-05	118049
illustrare	1	3	6.129876895264132e-05	117070
trasferire	2	2	6.127625381584313e-05	117027
immaginare	2	3	6.107728283948707e-05	116647
desiderare	3	5	6.074531547367197e-05	116013
riunire	1	2	6.0702903239238174e-05	115932
firmare	1	2	6.045052426396549e-05	115450
discutere	4	7	6.035732206977765e-05	115272
coprire	1	13	6.035522763844759e-05	115268
fondare	3	4	6.0122222152978e-05	114823
nominare	1	3	6.0119604113815414e-05	114818
spingere	6	4	5.9800726943813207e-05	114209
eliminare	4	4	5.951012459676686e-05	113654
tirare	2	12	5.942215848090418e-05	113486
interpretare	6	5	5.938131706996794e-05	113408
abbandonare	15	4	5.931953134573106e-05	113290
dividere	2	8	5.918862938760207e-05	113040
correggere	5	3	5.912108397720752e-05	112911
esaminare	1	10	5.8671828456908836e-05	112053
consigliare	1	4	5.8560823596415454e-05	111841
attuare	2	2	5.821471881912242e-05	111180
sbagliare	2	2	5.783824478754346e-05	110461
trarre	4	2	5.772043302522737e-05	110236
avvicinare	2	2	5.771310251557214e-05	110222
dipendere	-1	2	5.770577200591692e-05	110208
includere	1	4	5.7518844009708735e-05	109851
denunciare	1	4	5.733086879783551e-05	109492
giudicare	3	3	5.665593830172246e-05	108203
puntare	2	3	5.613704293969916e-05	107212
combattere	1	4	5.6133901292704064e-05	107206
battere	6	13	5.429184893791298e-05	103688
accedere	3	-1	5.40986376477146e-05	103319
ricorrere	1	2	5.380646447717071e-05	102761
godere	4	2	5.359649773633181e-05	102360
accertare	2	3	5.34943942089912e-05	102165
integrare	2	3	5.3476067934853145e-05	102130
investire	4	3	5.347292628785805e-05	102124
scusare	2	3	5.3336264643571386e-05	101863
riflettere	2	3	5.2985971003618224e-05	101194
collocare	1	5	5.276605571396153e-05	100774
decorrere	3	1	5.261578026602945e-05	100487
avvertire	2	3	5.2426757838491196e-05	100126
ritornare	2	2	5.240214827036295e-05	100079
terminare	1	3	5.228433650804686e-05	99854
distribuire	1	7	5.216338309873568e-05	99623
elaborare	6	3	5.210997509981905e-05	99521
emanare	2	8	5.2084841923858285e-05	99473
suonare	2	8	5.205813792439997e-05	99422
predisporre	4	-1	5.188063486917707e-05	99083
identificare	1	2	5.162301981557923e-05	98591
sedere	1	3	5.160835879626878e-05	98563
consistere	2	1	5.134760209567584e-05	98065
soddisfare	8	2	5.127115535212851e-05	97919
giustificare	1	6	5.1207798804394084e-05	97798
ordinare	2	7	5.0790483361878877e-05	97001
sorgere	1	3	5.0395159448329344e-05	96246
visitare	2	4	5.0389923370004184e-05	96236
consegnare	2	1	5.001135490709516e-05	95513
distinguere	4	6	4.994904557502576e-05	95394
formulare	3	3	4.991815271290732e-05	95335
concordare	1	4	4.9778873029458076e-05	95069
alzare	8	2	4.9744314912512025e-05	95003
commentare	2	2	4.9644829424334e-05	94813
recuperare	2	2	4.9642734993003935e-05	94809
finanziare	1	3	4.936836448876558e-05	94285
costare	8	3	4.914164229728618e-05	93852
frequentare	3	2	4.9052105357925953e-05	93681
preoccupare	2	3	4.888036198886072e-05	93353
cogliere	4	3	4.872118520777588e-05	93049
analizzare	2	6	4.850231713378421e-05	92631
liberare	3	8	4.834209313703433e-05	92325
distruggere	2	5	4.820333706141761e-05	92060
impiegare	1	7	4.7931584596341834e-05	91541
generare	2	3	4.7648836366783225e-05	91001
spostare	3	6	4.75132219381616e-05	90742
negare	3	4	4.7310585706977926e-05	90355
capitare	3	1	4.727498037436685e-05	90287
scaricare	4	4	4.725927213939137e-05	90257
rifiutare	3	3	4.666445364165326e-05	89121
bloccare	2	9	4.6606856780076506e-05	89011
sospendere	2	6	4.6483808939435255e-05	88776
respingere	4	9	4.6356572236133886e-05	88533
versare	2	5	4.624137851298038e-05	88313
coordinare	5	2	4.615498322061525e-05	88148
chiarire	2	4	4.60879614180532e-05	88020
allegare	3	1	4.596124832258435e-05	87778
suggerire	1	5	4.49119382262224e-05	85774
attraversare	6	6	4.460615125203309e-05	85190
ispirare	3	2	4.4421317687154964e-05	84837
aggiornare	4	3	4.402965902843304e-05	84089
importare	2	3	4.395321228488571e-05	83943
cantare	4	2	4.38872376979887e-05	83817
conferire	1	4	4.375214687719959e-05	83559
emettere	3	8	4.3597682566607384e-05	83264
tradurre	3	2	4.336729512030037e-05	82824
rinnovare	1	2	4.336520068897031e-05	82820
calcolare	3	2	4.328823033759046e-05	82673
attaccare	8	12	4.324843614231925e-05	82597
causare	2	2	4.320550030005294e-05	82515
regolare	2	5	4.316361167345167e-05	82435
apprezzare	3	3	4.277509466172484e-05	81693
soffrire	1	6	4.2367204160194924e-05	80914
concorrere	2	-1	4.210016416561179e-05	80404
proteggere	6	3	4.2065082440833224e-05	80337
durare	3	1	4.1987588481620865e-05	80189
rinviare	1	2	4.1644101743490406e-05	79533
aderire	3	-1	4.135664104343915e-05	78984
concentrare	3	1	4.127914708422679e-05	78836
bere	6	4	4.123464041846294e-05	78751
mirare	2	-1	4.0929377052106145e-05	78168
condannare	2	3	4.081470693678515e-05	77949
ripartire	3	1	4.0494782551117916e-05	77338
tagliare	1	17	4.0463366081166956e-05	77278
indurre	1	3	4.0403151180427625e-05	77163
approfondire	4	1	4.0198944125746404e-05	76773
sposare	6	3	4.014187087200217e-05	76664
temere	2	2	4.012563902919418e-05	76633
pregare	3	2	4.009317534357819e-05	76571
delegare	2	1	4.0092128127913154e-05	76569
cancellare	4	5	4.0081655971262834e-05	76549
concedere	3	6	3.974602335062012e-05	75908
conquistare	3	5	3.954705237426406e-05	75528
incidere	2	5	3.922555716509927e-05	74914
confrontare	1	2	3.920880171445876e-05	74882
spendere	1	2	3.910931622628073e-05	74692
percepire	5	4	3.904177081588618e-05	74563
sollevare	1	8	3.8772112782140466e-05	74048
rafforzare	4	5	3.8568429335291766e-05	73659
dormire	2	1	3.8459518906128446e-05	73451
sfruttare	4	4	3.837678886859093e-05	73293
redigere	6	3	3.821918291100363e-05	72992
dettare	1	2	3.816210965725939e-05	72883
situare	1	3	3.7976228876716235e-05	72528
pronunciare	1	4	3.7910254289819224e-05	72402
volgere	8	-1	3.7852133820409956e-05	72291
perseguire	2	1	3.7689291784497495e-05	71980
specificare	1	3	3.763588378558087e-05	71878
commettere	1	2	3.745576269119539e-05	71534
rimettere	1	6	3.739554779045605e-05	71419
saltare	9	10	3.7310199713755957e-05	71256
attestare	2	1	3.703059313119244e-05	70722
maturare	2	5	3.660961243384963e-05	69918
erogare	1	2	3.638707910503035e-05	69493
programmare	4	4	3.632791141995605e-05	69380
supportare	4	-1	3.628497557768974e-05	69298
guadagnare	2	3	3.6146219502073015e-05	69033
abitare	2	1	3.592630421241632e-05	68613
trascorrere	2	2	3.585928240985428e-05	68485
promettere	2	4	3.566450029615835e-05	68113
valorizzare	2	2	3.5492233319260605e-05	67784
postare	2	1	3.5456104378817005e-05	67715
salutare	1	4	3.53670910472893e-05	67545
convocare	2	2	3.529273873507203e-05	67403
allontanare	2	8	3.5257657010293465e-05	67336
convenire	2	3	3.5211055913199545e-05	67247
piangere	1	4	3.498433372172014e-05	66814
progettare	3	4	3.489060791969979e-05	66635
privare	2	1	3.4852384547926127e-05	66562
cedere	8	4	3.482882219546291e-05	66517
restituire	5	-1	3.4706821570486694e-05	66284
orientare	4	1	3.468535364935354e-05	66243
praticare	6	2	3.466283851255535e-05	66200
percorrere	9	2	3.4509945025460695e-05	65908
installare	4	3	3.4260184089350596e-05	65431
rompere	4	6	3.423976338388247e-05	65392
consultare	2	3	3.420154001210881e-05	65319
ignorare	3	2	3.3893658606589434e-05	64731
smettere	4	4	3.3743906766489876e-05	64445
indirizzare	3	3	3.3662747552449905e-05	64290
opporre	2	1	3.3636567160824105e-05	64240
accusare	6	1	3.357792308358232e-05	64128
separare	3	2	3.3509330457522736e-05	63997
celebrare	1	3	3.3422411557325084e-05	63831
divertire	1	2	3.307840121136211e-05	63174
arrestare	4	7	3.3075783172199534e-05	63169
buttare	1	3	3.3011903016632586e-05	63047
precedere	1	2	3.295378254722332e-05	62936
scomparire	6	4	3.283282913791214e-05	62705
viaggiare	2	2	3.2830734706582074e-05	62701
diminuire	1	10	3.2820262549931754e-05	62681
designare	1	3	3.281816811860169e-05	62677
gettare	1	9	3.239090412726868e-05	61861
interrompere	2	7	3.202176060534494e-05	61156
regalare	2	1	3.1993485782389084e-05	61102
alimentare	5	2	3.185577692243739e-05	60839
attenere	7	1	3.169817096485009e-05	60538
appoggiare	4	8	3.162172422130276e-05	60392
insistere	4	2	3.133007465859138e-05	59835
obbligare	4	2	3.121645175893542e-05	59618
adattare	3	4	3.1092356702629144e-05	59381
dominare	1	6	3.081379733573066e-05	58849
circondare	2	4	3.075881851331649e-05	58744
articolare	1	3	3.069808000474464e-05	58628
depositare	2	3	3.068551341676426e-05	58604
anticipare	1	2	3.0545186517649985e-05	58336
governare	3	1	3.052424220434935e-05	58296
camminare	1	2	3.0432087225826543e-05	58120
adeguare	2	-1	3.0399099932378038e-05	58057
cessare	1	2	3.029699640503743e-05	57862
sperimentare	2	4	3.0270816013411634e-05	57812
suscitare	1	4	3.0172377740898634e-05	57624
stimolare	4	4	3.0102737899174015e-05	57491
sfuggire	3	4	3.0051424331587453e-05	57393
riscontrare	2	3	2.996398182355729e-05	57226
sorridere	2	2	2.9822607708777987e-05	56956
domandare	2	5	2.974197210257053e-05	56802
misurare	5	7	2.9705319554294414e-05	56732
volare	2	2	2.9509490224933453e-05	56358
sopprimere	2	5	2.9417335246410646e-05	56182
disegnare	2	7	2.9374923011976855e-05	56101
apprendere	1	2	2.933827046370074e-05	56031
prescrivere	3	-1	2.927386670030128e-05	55908
udire	3	1	2.9242450230350322e-05	55848
agevolare	6	1	2.9106312193896178e-05	55588
facilitare	1	2	2.892409666818063e-05	55240
pretendere	2	1	2.877172678891849e-05	54949
sottrarre	2	2	2.8743975573795144e-05	54896
sognare	5	3	2.873716867197244e-05	54883
ricoprire	1	3	2.8698945300198773e-05	54810
allargare	1	8	2.8629305458474154e-05	54677
ricostruire	3	3	2.8622498556651446e-05	54664
testimoniare	-1	2	2.8590558478867975e-05	54603
presiedere	1	2	2.8513064519655616e-05	54455
contrastare	3	1	2.835598216990083e-05	54155
consumare	5	5	2.8211990015958947e-05	53880
sparare	1	4	2.7904108610439574e-05	53292
fuggire	4	5	2.7888400375464097e-05	53262
elencare	1	3	2.7874786571818683e-05	53236
rivedere	3	1	2.786483802300088e-05	53217
sollecitare	4	2	2.7760640064330207e-05	53018
minacciare	5	3	2.7532870657185772e-05	52583
violare	3	7	2.7508784696890038e-05	52537
inventare	1	3	2.7496218108909655e-05	52513
compilare	1	2	2.73564148176279e-05	52246
convertire	1	2	2.72480279962971e-05	52039
impugnare	2	1	2.6926009179299796e-05	51424
gridare	1	7	2.6254743938014358e-05	50142
affiancare	8	2	2.6246366212694103e-05	50126
correlare	2	-1	2.618981656678238e-05	50018
arricchire	3	1	2.6115987862397633e-05	49877
auspicare	2	-1	2.596675963013059e-05	49592
prescindere	2	-1	2.5703908498207586e-05	49090
concepire	3	5	2.566987398909405e-05	49025
delineare	3	4	2.560023414736943e-05	48892
connettere	2	-1	2.559656889254182e-05	48885
annullare	3	6	2.539497987702318e-05	48500
pescare	2	1	2.531800952564334e-05	48353
scadere	1	2	2.5236326703770852e-05	48197
implicare	1	4	2.5167734077711264e-05	48066
riprodurre	1	2	2.5058823648547948e-05	47858
scattare	3	1	2.5052540354557757e-05	47846
usufruire	2	-1	2.5011175335788997e-05	47767
resistere	1	3	2.498342412066565e-05	47714
abrogare	1	2	2.476193800751141e-05	47291
stringere	2	10	2.4539404678692134e-05	46866
trasportare	2	5	2.4421592916376046e-05	46641
spedire	1	6	2.4376562642779676e-05	46555
suddividere	2	2	2.4354571113814004e-05	46513
scambiare	4	2	2.418649299957639e-05	46192
rimuovere	1	8	2.408020060957565e-05	45989
indossare	1	3	2.3959770808096986e-05	45759
animare	4	4	2.392940155381106e-05	45701
contestare	4	1	2.372938336178997e-05	45319
replicare	1	3	2.3679640617700958e-05	45224
recitare	1	5	2.3515751366123465e-05	44911
sciogliere	5	7	2.3500043131147988e-05	44881
variare	7	4	2.3474386347354705e-05	44832
vestire	1	4	2.346496140636942e-05	44814
influenzare	4	2	2.3445064308733814e-05	44776
consolidare	1	4	2.342516721109821e-05	44738
raccomandare	2	2	2.3342960781393204e-05	44581
risparmiare	2	4	2.322514901907712e-05	44356
scorrere	5	7	2.3121998276071478e-05	44159
montare	7	12	2.3101577570603355e-05	44120
ampliare	1	5	2.2893181653262012e-05	43722
coincidere	3	1	2.280678636089688e-05	43557
prevalere	5	3	2.280573914523185e-05	43555
indagare	2	3	2.275756722464038e-05	43463
rubare	4	3	2.2641326285821843e-05	43241
peccare	1	2	2.2606244561043275e-05	43174
impostare	5	3	2.260572095321076e-05	43173
inaugurare	1	4	2.2589489110402763e-05	43142
mutare	2	6	2.251304236685544e-05	42996
reggere	1	10	2.2474818995081773e-05	42923
sconfiggere	1	2	2.221877476498148e-05	42434
dispiacere	1	2	2.2141804413601634e-05	42287
prevenire	4	3	2.208054229719727e-05	42170
accendere	4	6	2.2051743866408892e-05	42115
ricavare	4	2	2.1982104024684273e-05	41982
riempire	5	3	2.193602653542287e-05	41894
motivare	3	2	2.18286869297571e-05	41689
condizionare	4	2	2.182502167492949e-05	41682
constatare	1	2	2.177842057783557e-05	41593
elevare	4	3	2.1737579166899327e-05	41515
abbassare	6	6	2.166479767817961e-05	41376
scappare	1	3	2.1643853364878974e-05	41336
lottare	8	1	2.1602488346110214e-05	41257
stimare	5	6	2.158363846413964e-05	41221
documentare	1	2	2.1437551878867693e-05	40942
premere	1	2	2.1417654781232088e-05	40904
detenere	3	2	2.1407706232414285e-05	40885
accennare	3	2	2.131659846955651e-05	40711
bruciare	3	7	2.1299319411083483e-05	40678
interrogare	2	3	2.1273662627290204e-05	40629
sopportare	4	2	2.1252718313989564e-05	40589
rimandare	4	1	2.1183602080097462e-05	40457
scatenare	1	3	2.1035944671327966e-05	40175
sancire	2	1	2.103018498517029e-05	40164
calare	1	2	2.0982536672411338e-05	40073
recepire	2	-1	2.0856870792607514e-05	39833
criticare	2	2	2.0850063890784805e-05	39820
classificare	4	2	2.081969463649888e-05	39762
sopravvivere	4	2	2.056050875940349e-05	39267
vantare	3	2	2.0495581388171512e-05	39143
catturare	1	2	2.0434842879599664e-05	39027
trattenere	2	5	2.041232774280148e-05	38984
stampare	1	4	2.037096272403272e-05	38905
sparire	1	3	2.0268335588859595e-05	38709
esibire	3	5	2.0239537158071218e-05	38654
incentivare	1	2	2.0233253864081027e-05	38642
competere	2	1	2.0163614022356408e-05	38509
trascinare	1	5	2.0109682415607265e-05	38406
abbattere	4	7	1.982483975471859e-05	37862
sorprendere	1	3	1.979028163777254e-05	37796
confondere	1	8	1.9742109717181072e-05	37704
mescolare	3	7	1.971278767856018e-05	37648
reagire	1	2	1.96640921501362e-05	37555
sommare	1	2	1.9646289483830656e-05	37521
qualificare	3	1	1.9553087289642817e-05	37343
riassumere	3	1	1.954628038782011e-05	37330
addossare	2	1	1.950020289855871e-05	37242
contemplare	3	2	1.9478211369593038e-05	37200
pesare	2	2	1.9470357252105298e-05	37185
nutrire	2	4	1.941485482185861e-05	37079
spegnere	2	3	1.9404906273040807e-05	37060
proclamare	1	3	1.9312751294518e-05	36884
odiare	3	1	1.9255154432941246e-05	36774
ferire	2	2	1.916457027791599e-05	36601
assorbire	4	5	1.91090678476693e-05	36495
esaurire	1	6	1.9058277887915254e-05	36398
rilanciare	2	1	1.9040998829442225e-05	36365
ammirare	4	2	1.8922139851461106e-05	36138
levare	1	8	1.889334142067273e-05	36083
fumare	2	4	1.889334142067273e-05	36083
semplificare	2	3	1.8887581734515056e-05	36072
subordinare	2	1	1.874411318840569e-05	35798
attirare	2	4	1.8685469111163904e-05	35686
illuminare	3	1	1.8655623464710492e-05	35629
procurare	1	2	1.8642009661065078e-05	35603
abbracciare	2	5	1.8540953349389502e-05	35410
abilitare	5	-1	1.8454034449191854e-05	35244
approfittare	6	1	1.844042064554644e-05	35218
accrescere	1	2	1.843151931239367e-05	35201
esplodere	2	2	1.8428377665398575e-05	35195
allestire	2	1	1.8341458765200927e-05	35029
coltivare	4	3	1.8138298926184744e-05	34641
incoraggiare	1	3	1.811264214239146e-05	34592
invocare	2	1	1.8061852182637416e-05	34495
danneggiare	1	4	1.8030959320518973e-05	34436
menzionare	1	2	1.801472747771098e-05	34405
assolvere	3	2	1.7944564028153843e-05	34271
moltiplicare	1	2	1.7927808577513335e-05	34239
schierare	3	5	1.7580656584555264e-05	33576
lavare	1	4	1.744870741076125e-05	33324
inoltrare	1	2	1.7373307882878952e-05	33180
ballare	5	4	1.7329324824947613e-05	33096
staccare	1	10	1.7201564513813723e-05	32852
trascurare	1	6	1.7176431337852957e-05	32804
immergere	2	4	1.7163864749872574e-05	32780
festeggiare	1	2	1.6970129851841677e-05	32410
dedurre	4	4	1.6967511812679097e-05	32405
inquadrare	4	2	1.6955992440363745e-05	32383
estrarre	5	5	1.6931906480068014e-05	32337
incrociare	4	4	1.6806240600264187e-05	32097
avvolgere	7	4	1.6654394328834563e-05	31807
degradare	2	3	1.6646540211346823e-05	31792
urlare	3	5	1.658266005577988e-05	31670
allenare	2	3	1.6488934253759525e-05	31491
accontentare	7	1	1.6486316214596948e-05	31486
salvaguardare	3	1	1.6437097078340448e-05	31392
sistemare	1	5	1.6426101313857614e-05	31371
equivalere	1	2	1.6409345863217103e-05	31339
educare	-1	4	1.6374264138438535e-05	31272
adorare	3	3	1.634756013898022e-05	31221
scaturire	2	1	1.631143119853662e-05	31152
supporre	1	5	1.6304100688881398e-05	31138
affacciare	7	-1	1.6165344613264674e-05	30873
perdonare	3	3	1.6164821005432157e-05	30872
omettere	2	1	1.613602257464378e-05	30817
tacere	2	1	1.6090468693214895e-05	30730
instaurare	2	2	1.602397049848537e-05	30603
proiettare	5	3	1.5999360930357122e-05	30556
scoppiare	1	4	1.5953807048928234e-05	30469
dipingere	4	5	1.5951189009765654e-05	30464
tradire	2	3	1.588311999153858e-05	30334
disturbare	3	7	1.584175497276982e-05	30255
esigere	2	3	1.5833377247449566e-05	30239
respirare	3	2	1.581871622813912e-05	30211
avvisare	4	3	1.5792535836513324e-05	30161
rivendicare	4	1	1.5759024935232304e-05	30097
isolare	2	4	1.572813207311386e-05	30038
permanere	2	2	1.565011450606899e-05	29889
stendere	1	9	1.563440627109351e-05	29859
fregare	5	1	1.5622363290945643e-05	29836
vincolare	1	2	1.561869803611803e-05	29829
caricare	4	4	1.5583616311339463e-05	29762
accumulare	1	3	1.553492078291548e-05	29669
tracciare	1	6	1.5509787606954716e-05	29621
navigare	1	2	1.548465443099395e-05	29573
esaltare	3	3	1.5453237961042993e-05	29513
scherzare	2	2	1.5451667137545445e-05	29510
trainare	1	2	1.5339615061387035e-05	29296
spezzare	3	2	1.5287254278135438e-05	29196
invadere	1	4	1.5276258513652604e-05	29175
legittimare	2	2	1.5267357180499832e-05	29158
piegare	3	3	1.5195099299612633e-05	29020
spuntare	1	8	1.5102944321089827e-05	28844
svelare	1	3	1.5098231850597184e-05	28835
accelerare	1	2	1.4966282676803167e-05	28583
copiare	2	3	1.4877269345275457e-05	28413
cuocere	2	3	1.4872033266950297e-05	28403
cacciare	3	2	1.4798728170398066e-05	28263
migrare	2	2	1.4788779621580262e-05	28244
varare	4	1	1.4700289897885069e-05	28075
comandare	5	6	1.467044425143166e-05	28018
allungare	3	6	1.4648976330298506e-05	27977
centrare	3	-1	1.464321664414083e-05	27966
smentire	1	6	1.4624890370002772e-05	27931
offendere	3	3	1.4576718449411306e-05	27839
riaprire	2	1	1.4554726920445636e-05	27797
comprovare	2	3	1.4444245667784773e-05	27586
presupporre	2	3	1.4437438765962066e-05	27573
circolare	4	1	1.442906104064181e-05	27557
attrarre	2	2	1.438664880620802e-05	27476
fidare	2	-1	1.4339000493449068e-05	27385
prelevare	-1	2	1.4268837043891932e-05	27251
modulare	2	2	1.4224853985960594e-05	27167
discendere	1	5	1.4210716574482663e-05	27140
compromettere	1	3	1.4187154222019446e-05	27095
ricominciare	2	-1	1.416725712438384e-05	27057
fruire	2	-1	1.4121179635122436e-05	26969
compensare	2	1	1.409761728265922e-05	26924
prenotare	1	2	1.4052063401230333e-05	26837
ostacolare	3	4	1.404211485241253e-05	26818
ricondurre	4	-1	1.3939487717239406e-05	26622
strappare	2	4	1.3916448972608703e-05	26578
sfiorare	1	2	1.3876131169504976e-05	26501
rovinare	4	7	1.3785547014479717e-05	26328
aggirare	2	1	1.3771933210834303e-05	26302
alternare	2	1	1.3727426545070448e-05	26217
fingere	1	3	1.3698104506449555e-05	26161
sequestrare	2	2	1.36174689002421e-05	26007
fallire	3	2	1.3601237057434106e-05	25976
esplorare	3	5	1.3541545764527288e-05	25862
pulire	1	3	1.3450438001669515e-05	25688
accordare	5	3	1.3439442237186681e-05	25667
combinare	6	5	1.3402789688910564e-05	25597
preannunciare	3	-1	1.3374514865954703e-05	25543
custodire	4	3	1.3331579023688397e-05	25461
evocare	1	4	1.3305922239895115e-05	25412
giurare	2	-1	1.3289166789254606e-05	25380
liquidare	5	4	1.3287072357924541e-05	25376
fronteggiare	1	2	1.3274505769944159e-05	25352
precipitare	2	4	1.3268222475953967e-05	25340
abbinare	3	-1	1.3237329613835526e-05	25281
convivere	3	1	1.317763832092871e-05	25167
differenziare	1	3	1.3127895576839694e-05	25072
incominciare	1	3	1.3045165539302177e-05	24914
protestare	2	4	1.2968195187922334e-05	24767
confessare	3	4	1.2961388286099625e-05	24754
infilare	3	6	1.2954581384276918e-05	24741
gradire	2	1	1.290536224802042e-05	24647
piovere	2	2	1.2783885230876721e-05	24415
gravare	2	-1	1.2778649152551561e-05	24405
ripensare	3	-1	1.2771842250728854e-05	24392
giovare	5	-1	1.2737807741615319e-05	24327
frenare	3	8	1.2734142486787708e-05	24320
baciare	2	2	1.2729953624127579e-05	24312
decentrare	2	1	1.2726811977132483e-05	24306
ubicare	1	2	1.2716339820482165e-05	24286
intrecciare	1	6	1.27142453891521e-05	24282
appellare	2	-1	1.2679163664373532e-05	24215
ammazzare	6	3	1.2671309546885794e-05	24200
dubitare	2	2	1.2644605547427481e-05	24149
riposare	1	3	1.2597480842501046e-05	24059
scivolare	2	3	1.254773809841203e-05	23964
abolire	2	4	1.2511085550135916e-05	23894
scuotere	1	5	1.2503231432648176e-05	23879
incentrare	2	-1	1.2452965080726646e-05	23783
ripristinare	1	4	1.239955708181002e-05	23681
monitorare	3	1	1.2337771357573139e-05	23563
cassare	3	1	1.2279127280331354e-05	23451
sfidare	3	4	1.225504132003562e-05	23405
ostare	2	-1	1.223828586939511e-05	23373
ideare	1	3	1.2223624850084663e-05	23345
riscuotere	4	2	1.2186972301808548e-05	23275
sottovalutare	2	4	1.215450861619256e-05	23213
innescare	2	2	1.2121521322744054e-05	23150
confidare	3	1	1.2111572773926251e-05	23131
penetrare	5	2	1.202674830505867e-05	22969
alterare	1	4	1.1961297325994176e-05	22844
archiviare	1	2	1.1926215601215608e-05	22777
deludere	3	2	1.190527128791497e-05	22737
bocciare	2	3	1.1873331210131498e-05	22676
spaventare	1	3	1.1850816073333313e-05	22633
influire	1	2	1.1844532779343121e-05	22621
bandire	2	6	1.1827253720870096e-05	22588
coniugare	3	1	1.1783270662938756e-05	22504
codificare	3	2	1.1765467996633214e-05	22470
contrarre	5	2	1.1750283369490253e-05	22441
crollare	1	7	1.1714154429046651e-05	22372
porgere	2	1	1.1636660469834292e-05	22224
colmare	2	-1	1.1600531529390693e-05	22155
intuire	4	3	1.158796494141031e-05	22131
spiccare	2	2	1.1576445569094959e-05	22109
ratificare	2	3	1.1567544235942189e-05	22092
fondere	6	6	1.1560213726286964e-05	22078
approdare	3	2	1.1550788785301677e-05	22060
attingere	3	1	1.1483766982739637e-05	21932
accreditare	4	3	1.1452350512788682e-05	21872
fotografare	2	1	1.1420934042837725e-05	21812
rallentare	1	2	1.1390041180719284e-05	21753
affondare	8	2	1.1338204005300206e-05	21654
guarire	2	3	1.129631537869893e-05	21574
spargere	1	5	1.1274847457565776e-05	21533
brillare	2	8	1.1267516947910554e-05	21519
concretizzare	2	1	1.125390314426514e-05	21493
ammontare	4	1	1.1230864399634438e-05	21449
voltare	1	2	1.1219345027319087e-05	21427
assimilare	5	1	1.1199971537515997e-05	21390
posare	3	3	1.118792855736813e-05	21367
sbattere	4	9	1.116331898923988e-05	21320
travolgere	2	3	1.1158082910914722e-05	21310
aggravare	2	1	1.1158082910914722e-05	21310
contrapporre	3	1	1.1141327460274212e-05	21278
tollerare	4	2	1.1056502991406629e-05	21116
affascinare	1	3	1.1045507226923795e-05	21095
gustare	2	3	1.1004142208155035e-05	21016
rinvenire	2	2	1.0980579855691817e-05	20971
optare	2	-1	1.0963300797218791e-05	20938
consolare	1	2	1.0942356483918154e-05	20898
sacrificare	1	2	1.0874811073523596e-05	20769
amministrare	1	4	1.079574629081369e-05	20618
sconvolgere	2	3	1.0793651859483626e-05	20614
appaltare	3	-1	1.0788939388990983e-05	20605
interpellare	2	2	1.0699926057463273e-05	20435
raffigurare	1	2	1.0682646998990247e-05	20402
esportare	3	1	1.0681599783325214e-05	20400
vigilare	1	2	1.0582114295147185e-05	20210
arare	2	-1	1.0572689354161898e-05	20192
parcheggiare	1	2	1.0566406060171707e-05	20180
raddoppiare	5	1	1.0558028334851453e-05	20164
decretare	2	2	1.0553839472191324e-05	20156
poggiare	2	1	1.0522946610072885e-05	20097
onorare	3	1	1.0499907865442183e-05	20053
sintetizzare	3	2	1.047058582682129e-05	19997
ruotare	2	-1	1.0423461121894856e-05	19907
peggiorare	1	4	1.0379478063963516e-05	19823
filtrare	3	2	1.0369005907313198e-05	19803
ingannare	5	4	1.0348585201845075e-05	19764
assoggettare	1	3	1.0330782535539534e-05	19730
celare	2	1	1.0315074300564055e-05	19700
regnare	1	2	1.0301984104751157e-05	19675
attrezzare	1	3	1.0297271634258513e-05	19666
passeggiare	1	2	1.0277374536622907e-05	19628
adempiere	3	1	1.0256953831154786e-05	19589
convalidare	1	5	1.0230249831696472e-05	19538
schiacciare	3	6	1.020459304790319e-05	19489
diversificare	1	2	1.0192550067755325e-05	19466
esitare	2	1	1.0176841832779847e-05	19436
riparare	3	2	1.0115056108542965e-05	19318
licenziare	3	1	1.0049081521645957e-05	19192
ambientare	3	1	1.0039132972828154e-05	19173
confluire	1	2	1.0023948345685191e-05	19144
rovesciare	2	4	1.0001956816719522e-05	19102
demandare	2	1	9.992008267901719e-06	19083
perfezionare	3	4	9.984677758246496e-06	19069
sprecare	1	2	9.97368199376366e-06	19048
afferrare	2	5	9.970540346768565e-06	19042
incorporare	1	2	9.939647484650125e-06	18983
implementare	2	-1	9.929175327999805e-06	18963
assomigliare	1	2	9.929175327999805e-06	18963
rapire	3	2	9.918179563516971e-06	18942
differire	2	3	9.910849053861748e-06	18928
scavare	2	6	9.887810309231047e-06	18884
conciliare	1	2	9.87838536824576e-06	18866
impazzire	3	-1	9.874196505585632e-06	18858
espellere	1	2	9.859535486275186e-06	18830
innalzare	3	3	9.849063329624866e-06	18810
sfilare	-1	3	9.757955566767093e-06	18636
rimborsare	1	3	9.757955566767093e-06	18636
dimettere	2	2	9.744865370954195e-06	18611
mobilitare	2	3	9.734916822136392e-06	18592
aspirare	2	7	9.734393214303876e-06	18591
delimitare	2	2	9.7286335281462e-06	18580
riscoprire	2	1	9.605062079672437e-06	18344
ristrutturare	2	2	9.554795727750908e-06	18248
consacrare	4	3	9.552701296420844e-06	18244
ottimizzare	6	1	9.541181924105492e-06	18222
picchiare	4	1	9.508194630656988e-06	18159
quotare	2	2	9.506100199326924e-06	18155
beccare	1	3	9.467876827553262e-06	18082
colare	3	6	9.446932514252623e-06	18042
mollare	1	5	9.422846553956891e-06	17996
censurare	2	2	9.3673441237102e-06	17890
pianificare	1	3	9.31184169346351e-06	17784
accentuare	4	2	9.294562634990485e-06	17751
agitare	2	4	9.253721224054241e-06	17673
imitare	2	4	9.18408138232962e-06	17540
contaminare	1	2	9.166278716024078e-06	17506
insediare	2	1	9.130149775580478e-06	17437
piantare	3	4	9.105016599619713e-06	17389
intravedere	2	2	9.10292216828965e-06	17385
esagerare	1	3	9.101351344792101e-06	17382
annotare	1	3	9.048466953707992e-06	17281
popolare	2	-1	9.035376757895094e-06	17256
spaccare	1	5	9.03328232656503e-06	17252
testare	1	2	8.976209072820791e-06	17143
raggruppare	4	1	8.946363426367383e-06	17086
destare	1	2	8.91442334858391e-06	17025
tremare	-1	4	8.900809544938497e-06	16999
turbare	2	6	8.876199976810247e-06	16952
rispecchiare	-1	2	8.868345859322509e-06	16937
memorizzare	2	1	8.852114016514513e-06	16906
sospettare	2	2	8.841118252031679e-06	16885
preservare	1	2	8.812319821243302e-06	16830
presumere	3	-1	8.748963273508872e-06	16709
precludere	3	-1	8.742156371686165e-06	16696
scaldare	2	3	8.741109156021134e-06	16694
sbarcare	2	2	8.709692686070177e-06	16634
scorgere	4	2	8.669898490798966e-06	16558
infliggere	4	2	8.646859746168264e-06	16514
benedire	5	3	8.597640609911766e-06	16420
contentare	1	4	8.584550414098867e-06	16395
imprimere	2	1	8.580885159271256e-06	16388
addormentare	3	-1	8.566747747793324e-06	16361
evincere	2	-1	8.565176924295777e-06	16358
incassare	4	3	8.50915088621657e-06	16251
emozionare	1	2	8.49658429823619e-06	16227
bagnare	3	6	8.490301004245998e-06	16215
cavare	3	1	8.486635749418385e-06	16208
deporre	6	6	8.460978965625104e-06	16159
sensibilizzare	3	-1	8.443176299319563e-06	16125
appendere	1	3	8.438463828826919e-06	16116
cucinare	3	3	8.413330652866155e-06	16068
svuotare	2	-1	8.384532222077778e-06	16013
lodare	3	1	8.370394810599847e-06	15986
risvegliare	2	-1	8.336360301486311e-06	15921
rigettare	1	2	8.326935360501024e-06	15903
aggredire	2	2	8.318557635180769e-06	15887
trascrivere	5	3	8.313321556855609e-06	15877
appropriare	4	-1	8.289759204392392e-06	15832
accomunare	2	2	8.23582759764325e-06	15729
errare	4	1	8.230591519318091e-06	15719
imputare	2	2	8.202840304194746e-06	15666
parare	2	1	8.190797324046879e-06	15643
insorgere	4	3	8.178230736066496e-06	15619
tralasciare	3	1	8.123775521484838e-06	15515
mascherare	1	6	8.095500698528977e-06	15461
attenuare	1	5	8.070891130400729e-06	15414
vertere	3	-1	8.059371758085377e-06	15392
inquinare	4	1	8.052041248430155e-06	15378
imboccare	4	1	8.032667758627065e-06	15341
rivivere	3	-1	8.031096935129516e-06	15338
riformare	2	2	8.028478895966938e-06	15333
deviare	1	3	8.027431680301905e-06	15331
localizzare	1	4	8.000727680843592e-06	15280
istruire	3	3	7.942083603601807e-06	15168
arrecare	10	1	7.921662898133684e-06	15129
tritare	2	3	7.899671369168015e-06	15087
riprovare	2	1	7.854117487739128e-06	15000
mentire	2	-1	7.822701017788171e-06	14940
radunare	1	5	7.810658037640306e-06	14917
accantonare	4	1	7.80228031232005e-06	14901
unificare	5	3	7.78552486167954e-06	14869
declinare	1	2	7.78552486167954e-06	14869
devastare	1	3	7.774005489364189e-06	14847
computare	2	1	7.774005489364189e-06	14847
marcare	3	3	7.76248611704884e-06	14825
simulare	3	2	7.752013960398519e-06	14805
soffocare	3	6	7.720073882615047e-06	14744
moderare	1	3	7.71588501995492e-06	14736
incollare	3	3	7.711172549462277e-06	14727
scandire	3	2	7.702794824142021e-06	14711
espandere	2	3	7.701224000644473e-06	14708
asserire	1	4	7.684468550003963e-06	14676
sommergere	2	3	7.672949177688613e-06	14654
indebolire	1	5	7.666665883698422e-06	14642
allevare	4	2	7.642579923402688e-06	14596
litigare	2	1	7.63577302157998e-06	14583
intensificare	1	2	7.63472580591495e-06	14581
ritrarre	3	3	7.598596865471349e-06	14512
armonizzare	7	1	7.593884394978705e-06	14503
scommettere	3	3	7.561420709362717e-06	14441
decadere	3	1	7.550948552712398e-06	14421
ereditare	2	1	7.528957023746728e-06	14379
manipolare	3	5	7.526338984584149e-06	14374
minare	4	2	7.52110290625899e-06	14364
dibattere	1	3	7.512725180938734e-06	14348
stilare	2	1	7.508536318278607e-06	14340
esordire	2	-1	7.488115612810485e-06	14301
reclamare	1	2	7.481832318820294e-06	14289
seminare	4	4	7.465076868179784e-06	14257
esplicitare	2	-1	7.4587935741895925e-06	14245
scontare	2	2	7.445703378376693e-06	14220
nuotare	3	2	7.372921889656978e-06	14081
riscaldare	1	3	7.345170674533633e-06	14028
confezionare	3	2	7.341505419706021e-06	14021
congelare	2	1	7.3174194594102875e-06	13975
enunciare	2	3	7.316372243745256e-06	13973
battezzare	-1	3	7.295951538277134e-06	13934
avvelenare	2	1	7.281814126799204e-06	13907
contraddire	2	1	7.2629642448286295e-06	13871
contrassegnare	2	3	7.260869813498566e-06	13867
scoraggiare	3	3	7.243067147193024e-06	13833
risorgere	2	1	7.240972715862961e-06	13829
rintracciare	2	1	7.229976951380126e-06	13808
forzare	4	3	7.2289297357150935e-06	13806
meravigliare	1	4	7.216363147734711e-06	13782
arrabbiare	2	-1	7.1880883247788504e-06	13728
asciugare	8	3	7.187041109113818e-06	13726
ancorare	1	2	7.174998128965952e-06	13703
sanare	1	2	7.171856481970856e-06	13697
condire	2	4	7.150388560837702e-06	13656
oscillare	3	4	7.146723306010091e-06	13649
riciclare	3	2	7.1037874637437835e-06	13567
scordare	2	2	7.096980561921076e-06	13554
sfogliare	2	1	7.077607072117987e-06	13517
assassinare	2	3	7.047237817832062e-06	13459
illudere	3	1	7.027340720196456e-06	13421
patire	1	3	7.009014446058398e-06	13386
partorire	3	-1	7.007967230393366e-06	13384
invertire	1	2	6.995400642412984e-06	13360
stravolgere	3	3	6.987022917092728e-06	13344
scongiurare	2	3	6.9608425254669315e-06	13294
predicare	3	1	6.9336149181761025e-06	13242
meditare	2	1	6.9268080163533955e-06	13229
divulgare	2	3	6.923142761525783e-06	13222
evolvere	2	-1	6.916335859703076e-06	13209
sovrapporre	2	1	6.89905680123005e-06	13176
rimediare	3	3	6.89905680123005e-06	13176
giacere	5	2	6.883872174087088e-06	13147
cimentare	2	1	6.880730527091992e-06	13141
stancare	1	3	6.8519320963036155e-06	13086
tessere	7	3	6.837794684825685e-06	13059
osare	4	1	6.833605822165558e-06	13051
piombare	3	-1	6.821562842017691e-06	13028
commuovere	2	3	6.807949038372277e-06	13002
improvvisare	3	1	6.7974768817219575e-06	12982
riporre	1	2	6.795382450391894e-06	12978
sigillare	2	2	6.766060411771001e-06	12922
scartare	2	5	6.756111862953198e-06	12903
fiorire	3	3	6.753493823790619e-06	12898
desumere	1	2	6.709510765859279e-06	12814
umiliare	7	2	6.673905433248195e-06	12746
scagliare	1	4	6.6477250416223985e-06	12696
estinguere	2	4	6.625733512656729e-06	12654
faticare	3	1	6.597982297533384e-06	12601
accorgersi	3	1	6.595364258370804e-06	12596
spogliare	2	1	6.565518611917395e-06	12539
distorcere	3	2	6.549286769109401e-06	12508
accarezzare	6	4	6.540909043789146e-06	12492
riscrivere	-1	2	6.5293896714737955e-06	12470
annoverare	5	1	6.524153593148636e-06	12460
personalizzare	1	2	6.5173466913259284e-06	12447
impoverire	1	2	6.5063509268430936e-06	12426
specializzare	2	-1	6.504780103345546e-06	12423
svanire	2	3	6.485406613542456e-06	12386
ledere	2	1	6.483835790044908e-06	12383
ridimensionare	2	1	6.467603947236914e-06	12352
sorreggere	2	2	6.452942927926468e-06	12324
impressionare	4	4	6.396393282014746e-06	12216
riordinare	4	4	6.3717837138864965e-06	12169
affliggere	1	5	6.368642066891401e-06	12163
armare	1	4	6.35974073373863e-06	12146
deputare	2	2	6.346650537925732e-06	12121
smontare	2	4	6.328324263787673e-06	12086
ingrossare	1	3	6.325182616792578e-06	12080
rinforzare	1	3	6.316804891472323e-06	12064
uniformare	5	1	6.303714695659424e-06	12039
persistere	2	3	6.301620264329361e-06	12035
bombardare	2	1	6.266538539550793e-06	11968
assaggiare	5	1	6.260255245560601e-06	11956
esortare	2	2	6.255019167235442e-06	11946
congiungere	1	2	6.235122069599836e-06	11908
invecchiare	1	3	6.219937442456874e-06	11879
prefigurare	2	1	6.20370559964888e-06	11848
aggregare	2	-1	6.200563952653784e-06	11842
rimproverare	1	3	6.194280658663593e-06	11830
fabbricare	3	5	6.1864265411758536e-06	11815
confinare	2	-1	6.175430776693019e-06	11794
erigere	1	3	6.170718306200375e-06	11785
oscurare	1	2	6.131971326594196e-06	11711
insultare	1	2	6.101602072308271e-06	11653
centralizzare	3	1	6.098984033145691e-06	11648
spacciare	5	1	6.076992504180022e-06	11606
serbare	2	1	6.073850857184926e-06	11600
confortare	2	2	6.063902308367123e-06	11581
ricreare	2	2	6.052906543884288e-06	11560
esplicare	1	3	6.0340566619137145e-06	11524
rinascere	2	1	6.028296975756039e-06	11513
formalizzare	2	1	6.025155328760943e-06	11507
domare	1	3	6.018872034770752e-06	11495
fruttare	2	2	5.9974041136375985e-06	11454
incuriosire	1	2	5.989026388317344e-06	11438
gallare	2	-1	5.966511251519158e-06	11395
distrarre	1	2	5.95970434969645e-06	11382
spazzare	2	1	5.952897447873743e-06	11369
indovinare	5	2	5.925146232750399e-06	11316
addestrare	1	2	5.917815723095175e-06	11302
perseguitare	2	1	5.916768507430144e-06	11300
automatizzare	1	3	5.904725527282277e-06	11277
specchiare	2	-1	5.880115959154028e-06	11230
intercettare	2	2	5.8722618416662884e-06	11215
contendere	1	2	5.8696438025037084e-06	11210
incalzare	2	1	5.859695253685906e-06	11191
decollare	3	1	5.852888351863199e-06	11178
trasparire	4	-1	5.839274548217784e-06	11152
dettagliare	2	1	5.836132901222688e-06	11146
prefiggere	2	-1	5.814664980089535e-06	11105
modellare	1	2	5.789531804128769e-06	11057
colorare	1	2	5.787437372798706e-06	11053
divorare	1	5	5.7701583143256795e-06	11020
sganciare	2	4	5.769111098660647e-06	11018
calmare	3	4	5.762827804670457e-06	11006
affittare	2	4	5.725651648561824e-06	10935
rivalutare	2	2	5.715179491911506e-06	10915
saldare	4	6	5.705230943093703e-06	10896
sussurrare	1	2	5.701042080433575e-06	10888
stabilizzare	3	1	5.690569923783256e-06	10868
bussare	2	1	5.659677061664816e-06	10809
concertare	3	2	5.6450160423543695e-06	10781
adire	2	-1	5.628784199546375e-06	10750
massacrare	2	2	5.620930082058636e-06	10735
sorvegliare	2	3	5.616741219398508e-06	10727
demolire	2	3	5.609934317575801e-06	10714
distendere	1	5	5.603127415753094e-06	10701
riscattare	1	2	5.586371965112584e-06	10669
infrangere	3	2	5.582706710284972e-06	10662
convergere	3	-1	5.580612278954909e-06	10658
decorare	2	3	5.561238789151819e-06	10621
addebitare	2	1	5.554955495161628e-06	10609
negoziare	2	1	5.547624985506404e-06	10595
ammalare	3	-1	5.538200044521117e-06	10577
rincorrere	3	2	5.535582005358538e-06	10572
terrorizzare	1	3	5.50940161373274e-06	10522
assalire	1	3	5.496835025752358e-06	10498
mordere	2	2	5.494216986589778e-06	10493
spiare	4	1	5.474319888954173e-06	10455
pigliare	2	-1	5.4654185558014015e-06	10438
ammonire	1	4	5.45651722264863e-06	10421
alloggiare	1	2	5.446045065998312e-06	10401
regolarizzare	2	1	5.4245771448651576e-06	10360
invalidare	2	1	5.4083453020571635e-06	10329
trionfare	1	2	5.401014792401941e-06	10315
tappare	3	2	5.391066243584138e-06	10296
debuttare	2	-1	5.3905426357516215e-06	10295
cavalcare	5	2	5.385830165258978e-06	10286
coadiuvare	2	-1	5.3701219302835e-06	10256
dislocare	4	1	5.366980283288405e-06	10250
minimizzare	2	3	5.361220597130729e-06	10239
incombere	2	-1	5.339229068165059e-06	10197
calpestare	3	1	5.339229068165059e-06	10197
raffreddare	2	1	5.319331970529454e-06	10159
affettare	3	3	5.287391892745981e-06	10098
imprigionare	1	5	5.282679422253338e-06	10089
filare	8	1	5.2748253047655985e-06	10074
inverare	5	-1	5.269065618607923e-06	10063
comprimere	3	1	5.2617351089527e-06	10049
sottomettere	1	3	5.2449796583121895e-06	10017
